antes: 2020-05-06 9:21:06
-998
-997
-996
-993
-991
-988
-987
-982
-981
-976
-974
-973
-972
-971
-968
-967
-966
-965
-963
-961
-960
-959
-955
-953
-948
-947
-946
-944
-941
-939
-938
-936
-935
-934
-928
-927
-926
-925
-922
-921
-919
-916
-915
-914
-913
-912
-908
-906
-905
-904
-898
-897
-896
-895
-893
-891
-890
-889
-886
-884
-883
-881
-880
-878
-877
-875
-873
-869
-867
-865
-860
-859
-858
-856
-855
-854
-849
-846
-842
-841
-839
-838
-836
-831
-827
-826
-823
-820
-819
-818
-814
-812
-810
-807
-803
-801
-800
-799
-798
-797
-792
-790
-787
-785
-783
-782
-780
-777
-776
-773
-771
-768
-765
-764
-760
-758
-755
-754
-752
-751
-750
-749
-747
-746
-744
-742
-741
-740
-738
-737
-736
-735
-734
-733
-732
-731
-730
-721
-720
-718
-716
-715
-714
-707
-706
-701
-698
-696
-694
-693
-692
-691
-690
-688
-686
-684
-681
-678
-675
-674
-671
-670
-669
-668
-667
-665
-659
-658
-657
-654
-653
-651
-649
-647
-646
-644
-640
-639
-636
-634
-633
-632
-630
-629
-628
-623
-620
-616
-615
-614
-613
-609
-608
-604
-603
-601
-595
-594
-593
-590
-587
-586
-585
-584
-583
-581
-576
-572
-569
-565
-564
-557
-556
-555
-552
-545
-543
-542
-541
-539
-538
-537
-535
-533
-531
-530
-528
-524
-522
-517
-515
-512
-511
-509
-507
-506
-502
-500
-499
-496
-493
-492
-491
-489
-486
-484
-483
-482
-479
-478
-477
-476
-471
-469
-468
-463
-462
-461
-459
-456
-452
-451
-450
-445
-444
-442
-441
-440
-437
-436
-435
-433
-432
-431
-428
-427
-422
-421
-419
-416
-413
-411
-410
-407
-406
-404
-403
-399
-398
-396
-394
-393
-392
-390
-387
-386
-384
-381
-380
-377
-374
-369
-368
-365
-364
-363
-361
-360
-358
-355
-353
-351
-350
-349
-348
-347
-345
-344
-343
-341
-337
-332
-331
-329
-328
-327
-322
-321
-319
-316
-315
-313
-312
-311
-310
-308
-306
-303
-300
-297
-296
-294
-292
-287
-285
-284
-283
-282
-281
-279
-276
-273
-272
-269
-266
-263
-262
-261
-260
-259
-258
-254
-253
-251
-250
-249
-248
-246
-245
-243
-242
-241
-238
-235
-234
-233
-232
-231
-230
-228
-227
-224
-220
-216
-212
-211
-210
-207
-206
-205
-203
-201
-200
-198
-197
-195
-189
-187
-186
-184
-183
-180
-178
-176
-174
-167
-165
-164
-162
-160
-158
-156
-154
-153
-152
-151
-148
-147
-144
-143
-142
-141
-140
-139
-137
-136
-134
-131
-127
-124
-120
-117
-116
-115
-112
-110
-109
-108
-106
-105
-104
-103
-102
-98
-96
-94
-92
-88
-87
-86
-85
-84
-82
-81
-80
-79
-78
-76
-75
-74
-72
-71
-70
-66
-64
-63
-61
-56
-54
-52
-51
-49
-48
-46
-45
-44
-42
-41
-40
-39
-36
-35
-33
-30
-28
-24
-23
-22
-21
-19
-15
-12
-7
-3
-1
0
2
5
13
14
16
19
22
25
26
29
30
31
36
37
38
39
42
47
50
55
56
58
61
63
65
67
68
69
70
71
72
73
74
75
77
78
81
82
84
86
89
91
95
96
98
99
100
101
102
103
106
107
108
111
114
116
117
121
123
124
125
126
127
128
129
130
131
133
136
138
141
143
147
148
149
150
152
153
154
155
156
157
159
162
165
166
169
175
177
180
182
186
191
192
198
201
206
207
208
210
212
215
216
218
219
221
222
223
225
227
228
229
238
241
244
247
248
253
257
260
262
263
264
266
268
271
272
273
276
277
278
283
289
291
292
293
294
300
302
303
305
307
308
309
310
311
312
313
314
316
321
323
325
329
330
332
334
336
337
341
346
347
348
350
351
352
353
355
356
358
359
360
363
364
365
366
369
372
374
376
380
383
384
389
390
396
398
400
403
407
409
410
414
417
418
419
420
423
424
426
430
431
434
435
436
437
440
442
444
448
449
451
453
455
457
459
461
463
464
467
468
470
471
472
473
478
481
482
483
485
486
487
490
491
493
494
497
498
499
501
502
503
504
506
508
509
512
513
514
516
517
519
521
522
523
524
526
529
530
531
534
536
545
547
548
549
550
552
553
556
557
558
567
568
573
574
575
576
577
580
581
582
583
584
585
588
591
592
596
599
601
606
609
610
611
612
616
619
621
622
624
625
627
628
631
634
635
637
638
639
640
643
645
646
652
653
654
655
658
659
662
666
667
670
671
672
674
678
679
680
682
684
686
687
688
691
693
694
696
697
699
702
703
704
708
709
711
712
713
714
715
716
720
721
722
724
726
727
728
730
733
734
735
736
737
739
740
741
742
744
746
747
755
756
757
758
760
763
767
768
769
770
772
774
776
777
778
781
782
784
785
786
787
788
790
793
794
795
796
797
798
799
803
807
813
814
815
816
818
820
822
823
825
826
828
832
834
835
836
837
839
840
841
842
845
851
853
855
856
857
859
861
870
871
872
875
877
879
881
882
883
884
887
888
890
891
892
893
894
898
899
901
902
904
906
908
909
914
915
916
917
918
919
920
921
922
923
925
926
927
928
934
936
938
939
940
941
945
947
952
953
954
958
959
962
966
967
969
971
972
973
975
976
978
980
981
984
989
992
993
995
996
997
1000 
despues: 2020-05-06 9:21:06
