antes: 2020-05-07 3:55:10
-10000
-10000
-10000
-10000
-10000
-10000
-10000
-10000
-10000
-10000
-9998
-9998
-9998
-9998
-9998
-9998
-9998
-9998
-9998
-9998
-9997
-9997
-9997
-9997
-9997
-9997
-9997
-9997
-9997
-9997
-9995
-9995
-9995
-9995
-9995
-9995
-9995
-9995
-9995
-9995
-9991
-9991
-9991
-9991
-9991
-9991
-9991
-9991
-9991
-9991
-9988
-9988
-9988
-9988
-9988
-9988
-9988
-9988
-9988
-9988
-9987
-9987
-9987
-9987
-9987
-9987
-9987
-9987
-9987
-9987
-9983
-9983
-9983
-9983
-9983
-9983
-9983
-9983
-9983
-9983
-9981
-9981
-9981
-9981
-9981
-9981
-9981
-9981
-9981
-9981
-9980
-9980
-9980
-9980
-9980
-9980
-9980
-9980
-9980
-9980
-9979
-9979
-9979
-9979
-9979
-9979
-9979
-9979
-9979
-9979
-9978
-9978
-9978
-9978
-9978
-9978
-9978
-9978
-9978
-9978
-9977
-9977
-9977
-9977
-9977
-9977
-9977
-9977
-9977
-9977
-9974
-9974
-9974
-9974
-9974
-9974
-9974
-9974
-9974
-9974
-9970
-9970
-9970
-9970
-9970
-9970
-9970
-9970
-9970
-9970
-9966
-9966
-9966
-9966
-9966
-9966
-9966
-9966
-9966
-9966
-9965
-9965
-9965
-9965
-9965
-9965
-9965
-9965
-9965
-9965
-9964
-9964
-9964
-9964
-9964
-9964
-9964
-9964
-9964
-9964
-9961
-9961
-9961
-9961
-9961
-9961
-9961
-9961
-9961
-9961
-9959
-9959
-9959
-9959
-9959
-9959
-9959
-9959
-9959
-9959
-9958
-9958
-9958
-9958
-9958
-9958
-9958
-9958
-9958
-9958
-9957
-9957
-9957
-9957
-9957
-9957
-9957
-9957
-9957
-9957
-9956
-9956
-9956
-9956
-9956
-9956
-9956
-9956
-9956
-9956
-9955
-9955
-9955
-9955
-9955
-9955
-9955
-9955
-9955
-9955
-9953
-9953
-9953
-9953
-9953
-9953
-9953
-9953
-9953
-9953
-9951
-9951
-9951
-9951
-9951
-9951
-9951
-9951
-9951
-9951
-9950
-9950
-9950
-9950
-9950
-9950
-9950
-9950
-9950
-9950
-9948
-9948
-9948
-9948
-9948
-9948
-9948
-9948
-9948
-9948
-9947
-9947
-9947
-9947
-9947
-9947
-9947
-9947
-9947
-9947
-9946
-9946
-9946
-9946
-9946
-9946
-9946
-9946
-9946
-9946
-9942
-9942
-9942
-9942
-9942
-9942
-9942
-9942
-9942
-9942
-9941
-9941
-9941
-9941
-9941
-9941
-9941
-9941
-9941
-9941
-9940
-9940
-9940
-9940
-9940
-9940
-9940
-9940
-9940
-9940
-9939
-9939
-9939
-9939
-9939
-9939
-9939
-9939
-9939
-9939
-9938
-9938
-9938
-9938
-9938
-9938
-9938
-9938
-9938
-9938
-9937
-9937
-9937
-9937
-9937
-9937
-9937
-9937
-9937
-9937
-9930
-9930
-9930
-9930
-9930
-9930
-9930
-9930
-9930
-9930
-9929
-9929
-9929
-9929
-9929
-9929
-9929
-9929
-9929
-9929
-9928
-9928
-9928
-9928
-9928
-9928
-9928
-9928
-9928
-9928
-9927
-9927
-9927
-9927
-9927
-9927
-9927
-9927
-9927
-9927
-9926
-9926
-9926
-9926
-9926
-9926
-9926
-9926
-9926
-9926
-9925
-9925
-9925
-9925
-9925
-9925
-9925
-9925
-9925
-9925
-9924
-9924
-9924
-9924
-9924
-9924
-9924
-9924
-9924
-9924
-9923
-9923
-9923
-9923
-9923
-9923
-9923
-9923
-9923
-9923
-9920
-9920
-9920
-9920
-9920
-9920
-9920
-9920
-9920
-9920
-9919
-9919
-9919
-9919
-9919
-9919
-9919
-9919
-9919
-9919
-9918
-9918
-9918
-9918
-9918
-9918
-9918
-9918
-9918
-9918
-9917
-9917
-9917
-9917
-9917
-9917
-9917
-9917
-9917
-9917
-9915
-9915
-9915
-9915
-9915
-9915
-9915
-9915
-9915
-9915
-9912
-9912
-9912
-9912
-9912
-9912
-9912
-9912
-9912
-9912
-9910
-9910
-9910
-9910
-9910
-9910
-9910
-9910
-9910
-9910
-9907
-9907
-9907
-9907
-9907
-9907
-9907
-9907
-9907
-9907
-9906
-9906
-9906
-9906
-9906
-9906
-9906
-9906
-9906
-9906
-9905
-9905
-9905
-9905
-9905
-9905
-9905
-9905
-9905
-9905
-9904
-9904
-9904
-9904
-9904
-9904
-9904
-9904
-9904
-9904
-9901
-9901
-9901
-9901
-9901
-9901
-9901
-9901
-9901
-9901
-9900
-9900
-9900
-9900
-9900
-9900
-9900
-9900
-9900
-9900
-9896
-9896
-9896
-9896
-9896
-9896
-9896
-9896
-9896
-9896
-9894
-9894
-9894
-9894
-9894
-9894
-9894
-9894
-9894
-9894
-9893
-9893
-9893
-9893
-9893
-9893
-9893
-9893
-9893
-9893
-9892
-9892
-9892
-9892
-9892
-9892
-9892
-9892
-9892
-9892
-9891
-9891
-9891
-9891
-9891
-9891
-9891
-9891
-9891
-9891
-9888
-9888
-9888
-9888
-9888
-9888
-9888
-9888
-9888
-9888
-9887
-9887
-9887
-9887
-9887
-9887
-9887
-9887
-9887
-9887
-9885
-9885
-9885
-9885
-9885
-9885
-9885
-9885
-9885
-9885
-9884
-9884
-9884
-9884
-9884
-9884
-9884
-9884
-9884
-9884
-9883
-9883
-9883
-9883
-9883
-9883
-9883
-9883
-9883
-9883
-9881
-9881
-9881
-9881
-9881
-9881
-9881
-9881
-9881
-9881
-9880
-9880
-9880
-9880
-9880
-9880
-9880
-9880
-9880
-9880
-9879
-9879
-9879
-9879
-9879
-9879
-9879
-9879
-9879
-9879
-9877
-9877
-9877
-9877
-9877
-9877
-9877
-9877
-9877
-9877
-9875
-9875
-9875
-9875
-9875
-9875
-9875
-9875
-9875
-9875
-9873
-9873
-9873
-9873
-9873
-9873
-9873
-9873
-9873
-9873
-9871
-9871
-9871
-9871
-9871
-9871
-9871
-9871
-9871
-9871
-9867
-9867
-9867
-9867
-9867
-9867
-9867
-9867
-9867
-9867
-9865
-9865
-9865
-9865
-9865
-9865
-9865
-9865
-9865
-9865
-9861
-9861
-9861
-9861
-9861
-9861
-9861
-9861
-9861
-9861
-9860
-9860
-9860
-9860
-9860
-9860
-9860
-9860
-9860
-9860
-9858
-9858
-9858
-9858
-9858
-9858
-9858
-9858
-9858
-9858
-9857
-9857
-9857
-9857
-9857
-9857
-9857
-9857
-9857
-9857
-9856
-9856
-9856
-9856
-9856
-9856
-9856
-9856
-9856
-9856
-9854
-9854
-9854
-9854
-9854
-9854
-9854
-9854
-9854
-9854
-9853
-9853
-9853
-9853
-9853
-9853
-9853
-9853
-9853
-9853
-9851
-9851
-9851
-9851
-9851
-9851
-9851
-9851
-9851
-9851
-9850
-9850
-9850
-9850
-9850
-9850
-9850
-9850
-9850
-9850
-9849
-9849
-9849
-9849
-9849
-9849
-9849
-9849
-9849
-9849
-9846
-9846
-9846
-9846
-9846
-9846
-9846
-9846
-9846
-9846
-9845
-9845
-9845
-9845
-9845
-9845
-9845
-9845
-9845
-9845
-9844
-9844
-9844
-9844
-9844
-9844
-9844
-9844
-9844
-9844
-9843
-9843
-9843
-9843
-9843
-9843
-9843
-9843
-9843
-9843
-9842
-9842
-9842
-9842
-9842
-9842
-9842
-9842
-9842
-9842
-9841
-9841
-9841
-9841
-9841
-9841
-9841
-9841
-9841
-9841
-9840
-9840
-9840
-9840
-9840
-9840
-9840
-9840
-9840
-9840
-9839
-9839
-9839
-9839
-9839
-9839
-9839
-9839
-9839
-9839
-9838
-9838
-9838
-9838
-9838
-9838
-9838
-9838
-9838
-9838
-9837
-9837
-9837
-9837
-9837
-9837
-9837
-9837
-9837
-9837
-9836
-9836
-9836
-9836
-9836
-9836
-9836
-9836
-9836
-9836
-9835
-9835
-9835
-9835
-9835
-9835
-9835
-9835
-9835
-9835
-9833
-9833
-9833
-9833
-9833
-9833
-9833
-9833
-9833
-9833
-9829
-9829
-9829
-9829
-9829
-9829
-9829
-9829
-9829
-9829
-9826
-9826
-9826
-9826
-9826
-9826
-9826
-9826
-9826
-9826
-9822
-9822
-9822
-9822
-9822
-9822
-9822
-9822
-9822
-9822
-9821
-9821
-9821
-9821
-9821
-9821
-9821
-9821
-9821
-9821
-9819
-9819
-9819
-9819
-9819
-9819
-9819
-9819
-9819
-9819
-9817
-9817
-9817
-9817
-9817
-9817
-9817
-9817
-9817
-9817
-9816
-9816
-9816
-9816
-9816
-9816
-9816
-9816
-9816
-9816
-9815
-9815
-9815
-9815
-9815
-9815
-9815
-9815
-9815
-9815
-9812
-9812
-9812
-9812
-9812
-9812
-9812
-9812
-9812
-9812
-9811
-9811
-9811
-9811
-9811
-9811
-9811
-9811
-9811
-9811
-9808
-9808
-9808
-9808
-9808
-9808
-9808
-9808
-9808
-9808
-9805
-9805
-9805
-9805
-9805
-9805
-9805
-9805
-9805
-9805
-9804
-9804
-9804
-9804
-9804
-9804
-9804
-9804
-9804
-9804
-9802
-9802
-9802
-9802
-9802
-9802
-9802
-9802
-9802
-9802
-9801
-9801
-9801
-9801
-9801
-9801
-9801
-9801
-9801
-9801
-9799
-9799
-9799
-9799
-9799
-9799
-9799
-9799
-9799
-9799
-9797
-9797
-9797
-9797
-9797
-9797
-9797
-9797
-9797
-9797
-9796
-9796
-9796
-9796
-9796
-9796
-9796
-9796
-9796
-9796
-9793
-9793
-9793
-9793
-9793
-9793
-9793
-9793
-9793
-9793
-9789
-9789
-9789
-9789
-9789
-9789
-9789
-9789
-9789
-9789
-9788
-9788
-9788
-9788
-9788
-9788
-9788
-9788
-9788
-9788
-9787
-9787
-9787
-9787
-9787
-9787
-9787
-9787
-9787
-9787
-9786
-9786
-9786
-9786
-9786
-9786
-9786
-9786
-9786
-9786
-9784
-9784
-9784
-9784
-9784
-9784
-9784
-9784
-9784
-9784
-9783
-9783
-9783
-9783
-9783
-9783
-9783
-9783
-9783
-9783
-9779
-9779
-9779
-9779
-9779
-9779
-9779
-9779
-9779
-9779
-9773
-9773
-9773
-9773
-9773
-9773
-9773
-9773
-9773
-9773
-9771
-9771
-9771
-9771
-9771
-9771
-9771
-9771
-9771
-9771
-9770
-9770
-9770
-9770
-9770
-9770
-9770
-9770
-9770
-9770
-9769
-9769
-9769
-9769
-9769
-9769
-9769
-9769
-9769
-9769
-9765
-9765
-9765
-9765
-9765
-9765
-9765
-9765
-9765
-9765
-9764
-9764
-9764
-9764
-9764
-9764
-9764
-9764
-9764
-9764
-9761
-9761
-9761
-9761
-9761
-9761
-9761
-9761
-9761
-9761
-9758
-9758
-9758
-9758
-9758
-9758
-9758
-9758
-9758
-9758
-9756
-9756
-9756
-9756
-9756
-9756
-9756
-9756
-9756
-9756
-9754
-9754
-9754
-9754
-9754
-9754
-9754
-9754
-9754
-9754
-9753
-9753
-9753
-9753
-9753
-9753
-9753
-9753
-9753
-9753
-9751
-9751
-9751
-9751
-9751
-9751
-9751
-9751
-9751
-9751
-9750
-9750
-9750
-9750
-9750
-9750
-9750
-9750
-9750
-9750
-9749
-9749
-9749
-9749
-9749
-9749
-9749
-9749
-9749
-9749
-9748
-9748
-9748
-9748
-9748
-9748
-9748
-9748
-9748
-9748
-9746
-9746
-9746
-9746
-9746
-9746
-9746
-9746
-9746
-9746
-9745
-9745
-9745
-9745
-9745
-9745
-9745
-9745
-9745
-9745
-9744
-9744
-9744
-9744
-9744
-9744
-9744
-9744
-9744
-9744
-9743
-9743
-9743
-9743
-9743
-9743
-9743
-9743
-9743
-9743
-9740
-9740
-9740
-9740
-9740
-9740
-9740
-9740
-9740
-9740
-9738
-9738
-9738
-9738
-9738
-9738
-9738
-9738
-9738
-9738
-9731
-9731
-9731
-9731
-9731
-9731
-9731
-9731
-9731
-9731
-9729
-9729
-9729
-9729
-9729
-9729
-9729
-9729
-9729
-9729
-9727
-9727
-9727
-9727
-9727
-9727
-9727
-9727
-9727
-9727
-9724
-9724
-9724
-9724
-9724
-9724
-9724
-9724
-9724
-9724
-9722
-9722
-9722
-9722
-9722
-9722
-9722
-9722
-9722
-9722
-9721
-9721
-9721
-9721
-9721
-9721
-9721
-9721
-9721
-9721
-9720
-9720
-9720
-9720
-9720
-9720
-9720
-9720
-9720
-9720
-9714
-9714
-9714
-9714
-9714
-9714
-9714
-9714
-9714
-9714
-9713
-9713
-9713
-9713
-9713
-9713
-9713
-9713
-9713
-9713
-9712
-9712
-9712
-9712
-9712
-9712
-9712
-9712
-9712
-9712
-9711
-9711
-9711
-9711
-9711
-9711
-9711
-9711
-9711
-9711
-9710
-9710
-9710
-9710
-9710
-9710
-9710
-9710
-9710
-9710
-9709
-9709
-9709
-9709
-9709
-9709
-9709
-9709
-9709
-9709
-9707
-9707
-9707
-9707
-9707
-9707
-9707
-9707
-9707
-9707
-9706
-9706
-9706
-9706
-9706
-9706
-9706
-9706
-9706
-9706
-9704
-9704
-9704
-9704
-9704
-9704
-9704
-9704
-9704
-9704
-9703
-9703
-9703
-9703
-9703
-9703
-9703
-9703
-9703
-9703
-9701
-9701
-9701
-9701
-9701
-9701
-9701
-9701
-9701
-9701
-9699
-9699
-9699
-9699
-9699
-9699
-9699
-9699
-9699
-9699
-9698
-9698
-9698
-9698
-9698
-9698
-9698
-9698
-9698
-9698
-9696
-9696
-9696
-9696
-9696
-9696
-9696
-9696
-9696
-9696
-9695
-9695
-9695
-9695
-9695
-9695
-9695
-9695
-9695
-9695
-9692
-9692
-9692
-9692
-9692
-9692
-9692
-9692
-9692
-9692
-9688
-9688
-9688
-9688
-9688
-9688
-9688
-9688
-9688
-9688
-9687
-9687
-9687
-9687
-9687
-9687
-9687
-9687
-9687
-9687
-9684
-9684
-9684
-9684
-9684
-9684
-9684
-9684
-9684
-9684
-9683
-9683
-9683
-9683
-9683
-9683
-9683
-9683
-9683
-9683
-9680
-9680
-9680
-9680
-9680
-9680
-9680
-9680
-9680
-9680
-9677
-9677
-9677
-9677
-9677
-9677
-9677
-9677
-9677
-9677
-9672
-9672
-9672
-9672
-9672
-9672
-9672
-9672
-9672
-9672
-9669
-9669
-9669
-9669
-9669
-9669
-9669
-9669
-9669
-9669
-9666
-9666
-9666
-9666
-9666
-9666
-9666
-9666
-9666
-9666
-9664
-9664
-9664
-9664
-9664
-9664
-9664
-9664
-9664
-9664
-9662
-9662
-9662
-9662
-9662
-9662
-9662
-9662
-9662
-9662
-9661
-9661
-9661
-9661
-9661
-9661
-9661
-9661
-9661
-9661
-9660
-9660
-9660
-9660
-9660
-9660
-9660
-9660
-9660
-9660
-9659
-9659
-9659
-9659
-9659
-9659
-9659
-9659
-9659
-9659
-9658
-9658
-9658
-9658
-9658
-9658
-9658
-9658
-9658
-9658
-9657
-9657
-9657
-9657
-9657
-9657
-9657
-9657
-9657
-9657
-9655
-9655
-9655
-9655
-9655
-9655
-9655
-9655
-9655
-9655
-9653
-9653
-9653
-9653
-9653
-9653
-9653
-9653
-9653
-9653
-9649
-9649
-9649
-9649
-9649
-9649
-9649
-9649
-9649
-9649
-9646
-9646
-9646
-9646
-9646
-9646
-9646
-9646
-9646
-9646
-9645
-9645
-9645
-9645
-9645
-9645
-9645
-9645
-9645
-9645
-9641
-9641
-9641
-9641
-9641
-9641
-9641
-9641
-9641
-9641
-9639
-9639
-9639
-9639
-9639
-9639
-9639
-9639
-9639
-9639
-9637
-9637
-9637
-9637
-9637
-9637
-9637
-9637
-9637
-9637
-9636
-9636
-9636
-9636
-9636
-9636
-9636
-9636
-9636
-9636
-9635
-9635
-9635
-9635
-9635
-9635
-9635
-9635
-9635
-9635
-9633
-9633
-9633
-9633
-9633
-9633
-9633
-9633
-9633
-9633
-9632
-9632
-9632
-9632
-9632
-9632
-9632
-9632
-9632
-9632
-9631
-9631
-9631
-9631
-9631
-9631
-9631
-9631
-9631
-9631
-9626
-9626
-9626
-9626
-9626
-9626
-9626
-9626
-9626
-9626
-9625
-9625
-9625
-9625
-9625
-9625
-9625
-9625
-9625
-9625
-9624
-9624
-9624
-9624
-9624
-9624
-9624
-9624
-9624
-9624
-9622
-9622
-9622
-9622
-9622
-9622
-9622
-9622
-9622
-9622
-9621
-9621
-9621
-9621
-9621
-9621
-9621
-9621
-9621
-9621
-9619
-9619
-9619
-9619
-9619
-9619
-9619
-9619
-9619
-9619
-9617
-9617
-9617
-9617
-9617
-9617
-9617
-9617
-9617
-9617
-9616
-9616
-9616
-9616
-9616
-9616
-9616
-9616
-9616
-9616
-9614
-9614
-9614
-9614
-9614
-9614
-9614
-9614
-9614
-9614
-9613
-9613
-9613
-9613
-9613
-9613
-9613
-9613
-9613
-9613
-9608
-9608
-9608
-9608
-9608
-9608
-9608
-9608
-9608
-9608
-9607
-9607
-9607
-9607
-9607
-9607
-9607
-9607
-9607
-9607
-9603
-9603
-9603
-9603
-9603
-9603
-9603
-9603
-9603
-9603
-9602
-9602
-9602
-9602
-9602
-9602
-9602
-9602
-9602
-9602
-9601
-9601
-9601
-9601
-9601
-9601
-9601
-9601
-9601
-9601
-9599
-9599
-9599
-9599
-9599
-9599
-9599
-9599
-9599
-9599
-9592
-9592
-9592
-9592
-9592
-9592
-9592
-9592
-9592
-9592
-9591
-9591
-9591
-9591
-9591
-9591
-9591
-9591
-9591
-9591
-9590
-9590
-9590
-9590
-9590
-9590
-9590
-9590
-9590
-9590
-9587
-9587
-9587
-9587
-9587
-9587
-9587
-9587
-9587
-9587
-9585
-9585
-9585
-9585
-9585
-9585
-9585
-9585
-9585
-9585
-9578
-9578
-9578
-9578
-9578
-9578
-9578
-9578
-9578
-9578
-9575
-9575
-9575
-9575
-9575
-9575
-9575
-9575
-9575
-9575
-9574
-9574
-9574
-9574
-9574
-9574
-9574
-9574
-9574
-9574
-9572
-9572
-9572
-9572
-9572
-9572
-9572
-9572
-9572
-9572
-9571
-9571
-9571
-9571
-9571
-9571
-9571
-9571
-9571
-9571
-9568
-9568
-9568
-9568
-9568
-9568
-9568
-9568
-9568
-9568
-9567
-9567
-9567
-9567
-9567
-9567
-9567
-9567
-9567
-9567
-9565
-9565
-9565
-9565
-9565
-9565
-9565
-9565
-9565
-9565
-9564
-9564
-9564
-9564
-9564
-9564
-9564
-9564
-9564
-9564
-9563
-9563
-9563
-9563
-9563
-9563
-9563
-9563
-9563
-9563
-9561
-9561
-9561
-9561
-9561
-9561
-9561
-9561
-9561
-9561
-9560
-9560
-9560
-9560
-9560
-9560
-9560
-9560
-9560
-9560
-9556
-9556
-9556
-9556
-9556
-9556
-9556
-9556
-9556
-9556
-9555
-9555
-9555
-9555
-9555
-9555
-9555
-9555
-9555
-9555
-9554
-9554
-9554
-9554
-9554
-9554
-9554
-9554
-9554
-9554
-9553
-9553
-9553
-9553
-9553
-9553
-9553
-9553
-9553
-9553
-9552
-9552
-9552
-9552
-9552
-9552
-9552
-9552
-9552
-9552
-9551
-9551
-9551
-9551
-9551
-9551
-9551
-9551
-9551
-9551
-9550
-9550
-9550
-9550
-9550
-9550
-9550
-9550
-9550
-9550
-9549
-9549
-9549
-9549
-9549
-9549
-9549
-9549
-9549
-9549
-9547
-9547
-9547
-9547
-9547
-9547
-9547
-9547
-9547
-9547
-9546
-9546
-9546
-9546
-9546
-9546
-9546
-9546
-9546
-9546
-9542
-9542
-9542
-9542
-9542
-9542
-9542
-9542
-9542
-9542
-9540
-9540
-9540
-9540
-9540
-9540
-9540
-9540
-9540
-9540
-9539
-9539
-9539
-9539
-9539
-9539
-9539
-9539
-9539
-9539
-9538
-9538
-9538
-9538
-9538
-9538
-9538
-9538
-9538
-9538
-9535
-9535
-9535
-9535
-9535
-9535
-9535
-9535
-9535
-9535
-9534
-9534
-9534
-9534
-9534
-9534
-9534
-9534
-9534
-9534
-9527
-9527
-9527
-9527
-9527
-9527
-9527
-9527
-9527
-9527
-9525
-9525
-9525
-9525
-9525
-9525
-9525
-9525
-9525
-9525
-9524
-9524
-9524
-9524
-9524
-9524
-9524
-9524
-9524
-9524
-9521
-9521
-9521
-9521
-9521
-9521
-9521
-9521
-9521
-9521
-9520
-9520
-9520
-9520
-9520
-9520
-9520
-9520
-9520
-9520
-9514
-9514
-9514
-9514
-9514
-9514
-9514
-9514
-9514
-9514
-9511
-9511
-9511
-9511
-9511
-9511
-9511
-9511
-9511
-9511
-9506
-9506
-9506
-9506
-9506
-9506
-9506
-9506
-9506
-9506
-9504
-9504
-9504
-9504
-9504
-9504
-9504
-9504
-9504
-9504
-9502
-9502
-9502
-9502
-9502
-9502
-9502
-9502
-9502
-9502
-9500
-9500
-9500
-9500
-9500
-9500
-9500
-9500
-9500
-9500
-9498
-9498
-9498
-9498
-9498
-9498
-9498
-9498
-9498
-9498
-9494
-9494
-9494
-9494
-9494
-9494
-9494
-9494
-9494
-9494
-9493
-9493
-9493
-9493
-9493
-9493
-9493
-9493
-9493
-9493
-9492
-9492
-9492
-9492
-9492
-9492
-9492
-9492
-9492
-9492
-9488
-9488
-9488
-9488
-9488
-9488
-9488
-9488
-9488
-9488
-9485
-9485
-9485
-9485
-9485
-9485
-9485
-9485
-9485
-9485
-9484
-9484
-9484
-9484
-9484
-9484
-9484
-9484
-9484
-9484
-9483
-9483
-9483
-9483
-9483
-9483
-9483
-9483
-9483
-9483
-9482
-9482
-9482
-9482
-9482
-9482
-9482
-9482
-9482
-9482
-9480
-9480
-9480
-9480
-9480
-9480
-9480
-9480
-9480
-9480
-9479
-9479
-9479
-9479
-9479
-9479
-9479
-9479
-9479
-9479
-9478
-9478
-9478
-9478
-9478
-9478
-9478
-9478
-9478
-9478
-9473
-9473
-9473
-9473
-9473
-9473
-9473
-9473
-9473
-9473
-9469
-9469
-9469
-9469
-9469
-9469
-9469
-9469
-9469
-9469
-9468
-9468
-9468
-9468
-9468
-9468
-9468
-9468
-9468
-9468
-9466
-9466
-9466
-9466
-9466
-9466
-9466
-9466
-9466
-9466
-9462
-9462
-9462
-9462
-9462
-9462
-9462
-9462
-9462
-9462
-9461
-9461
-9461
-9461
-9461
-9461
-9461
-9461
-9461
-9461
-9460
-9460
-9460
-9460
-9460
-9460
-9460
-9460
-9460
-9460
-9459
-9459
-9459
-9459
-9459
-9459
-9459
-9459
-9459
-9459
-9458
-9458
-9458
-9458
-9458
-9458
-9458
-9458
-9458
-9458
-9455
-9455
-9455
-9455
-9455
-9455
-9455
-9455
-9455
-9455
-9453
-9453
-9453
-9453
-9453
-9453
-9453
-9453
-9453
-9453
-9450
-9450
-9450
-9450
-9450
-9450
-9450
-9450
-9450
-9450
-9449
-9449
-9449
-9449
-9449
-9449
-9449
-9449
-9449
-9449
-9447
-9447
-9447
-9447
-9447
-9447
-9447
-9447
-9447
-9447
-9445
-9445
-9445
-9445
-9445
-9445
-9445
-9445
-9445
-9445
-9444
-9444
-9444
-9444
-9444
-9444
-9444
-9444
-9444
-9444
-9441
-9441
-9441
-9441
-9441
-9441
-9441
-9441
-9441
-9441
-9440
-9440
-9440
-9440
-9440
-9440
-9440
-9440
-9440
-9440
-9439
-9439
-9439
-9439
-9439
-9439
-9439
-9439
-9439
-9439
-9438
-9438
-9438
-9438
-9438
-9438
-9438
-9438
-9438
-9438
-9435
-9435
-9435
-9435
-9435
-9435
-9435
-9435
-9435
-9435
-9432
-9432
-9432
-9432
-9432
-9432
-9432
-9432
-9432
-9432
-9422
-9422
-9422
-9422
-9422
-9422
-9422
-9422
-9422
-9422
-9421
-9421
-9421
-9421
-9421
-9421
-9421
-9421
-9421
-9421
-9418
-9418
-9418
-9418
-9418
-9418
-9418
-9418
-9418
-9418
-9417
-9417
-9417
-9417
-9417
-9417
-9417
-9417
-9417
-9417
-9414
-9414
-9414
-9414
-9414
-9414
-9414
-9414
-9414
-9414
-9411
-9411
-9411
-9411
-9411
-9411
-9411
-9411
-9411
-9411
-9410
-9410
-9410
-9410
-9410
-9410
-9410
-9410
-9410
-9410
-9409
-9409
-9409
-9409
-9409
-9409
-9409
-9409
-9409
-9409
-9408
-9408
-9408
-9408
-9408
-9408
-9408
-9408
-9408
-9408
-9407
-9407
-9407
-9407
-9407
-9407
-9407
-9407
-9407
-9407
-9406
-9406
-9406
-9406
-9406
-9406
-9406
-9406
-9406
-9406
-9404
-9404
-9404
-9404
-9404
-9404
-9404
-9404
-9404
-9404
-9402
-9402
-9402
-9402
-9402
-9402
-9402
-9402
-9402
-9402
-9401
-9401
-9401
-9401
-9401
-9401
-9401
-9401
-9401
-9401
-9398
-9398
-9398
-9398
-9398
-9398
-9398
-9398
-9398
-9398
-9396
-9396
-9396
-9396
-9396
-9396
-9396
-9396
-9396
-9396
-9394
-9394
-9394
-9394
-9394
-9394
-9394
-9394
-9394
-9394
-9393
-9393
-9393
-9393
-9393
-9393
-9393
-9393
-9393
-9393
-9392
-9392
-9392
-9392
-9392
-9392
-9392
-9392
-9392
-9392
-9391
-9391
-9391
-9391
-9391
-9391
-9391
-9391
-9391
-9391
-9390
-9390
-9390
-9390
-9390
-9390
-9390
-9390
-9390
-9390
-9389
-9389
-9389
-9389
-9389
-9389
-9389
-9389
-9389
-9389
-9387
-9387
-9387
-9387
-9387
-9387
-9387
-9387
-9387
-9387
-9386
-9386
-9386
-9386
-9386
-9386
-9386
-9386
-9386
-9386
-9385
-9385
-9385
-9385
-9385
-9385
-9385
-9385
-9385
-9385
-9384
-9384
-9384
-9384
-9384
-9384
-9384
-9384
-9384
-9384
-9382
-9382
-9382
-9382
-9382
-9382
-9382
-9382
-9382
-9382
-9379
-9379
-9379
-9379
-9379
-9379
-9379
-9379
-9379
-9379
-9376
-9376
-9376
-9376
-9376
-9376
-9376
-9376
-9376
-9376
-9375
-9375
-9375
-9375
-9375
-9375
-9375
-9375
-9375
-9375
-9373
-9373
-9373
-9373
-9373
-9373
-9373
-9373
-9373
-9373
-9372
-9372
-9372
-9372
-9372
-9372
-9372
-9372
-9372
-9372
-9371
-9371
-9371
-9371
-9371
-9371
-9371
-9371
-9371
-9371
-9370
-9370
-9370
-9370
-9370
-9370
-9370
-9370
-9370
-9370
-9368
-9368
-9368
-9368
-9368
-9368
-9368
-9368
-9368
-9368
-9367
-9367
-9367
-9367
-9367
-9367
-9367
-9367
-9367
-9367
-9366
-9366
-9366
-9366
-9366
-9366
-9366
-9366
-9366
-9366
-9365
-9365
-9365
-9365
-9365
-9365
-9365
-9365
-9365
-9365
-9363
-9363
-9363
-9363
-9363
-9363
-9363
-9363
-9363
-9363
-9362
-9362
-9362
-9362
-9362
-9362
-9362
-9362
-9362
-9362
-9360
-9360
-9360
-9360
-9360
-9360
-9360
-9360
-9360
-9360
-9359
-9359
-9359
-9359
-9359
-9359
-9359
-9359
-9359
-9359
-9352
-9352
-9352
-9352
-9352
-9352
-9352
-9352
-9352
-9352
-9351
-9351
-9351
-9351
-9351
-9351
-9351
-9351
-9351
-9351
-9349
-9349
-9349
-9349
-9349
-9349
-9349
-9349
-9349
-9349
-9348
-9348
-9348
-9348
-9348
-9348
-9348
-9348
-9348
-9348
-9345
-9345
-9345
-9345
-9345
-9345
-9345
-9345
-9345
-9345
-9344
-9344
-9344
-9344
-9344
-9344
-9344
-9344
-9344
-9344
-9343
-9343
-9343
-9343
-9343
-9343
-9343
-9343
-9343
-9343
-9342
-9342
-9342
-9342
-9342
-9342
-9342
-9342
-9342
-9342
-9341
-9341
-9341
-9341
-9341
-9341
-9341
-9341
-9341
-9341
-9339
-9339
-9339
-9339
-9339
-9339
-9339
-9339
-9339
-9339
-9335
-9335
-9335
-9335
-9335
-9335
-9335
-9335
-9335
-9335
-9334
-9334
-9334
-9334
-9334
-9334
-9334
-9334
-9334
-9334
-9333
-9333
-9333
-9333
-9333
-9333
-9333
-9333
-9333
-9333
-9331
-9331
-9331
-9331
-9331
-9331
-9331
-9331
-9331
-9331
-9330
-9330
-9330
-9330
-9330
-9330
-9330
-9330
-9330
-9330
-9327
-9327
-9327
-9327
-9327
-9327
-9327
-9327
-9327
-9327
-9325
-9325
-9325
-9325
-9325
-9325
-9325
-9325
-9325
-9325
-9324
-9324
-9324
-9324
-9324
-9324
-9324
-9324
-9324
-9324
-9323
-9323
-9323
-9323
-9323
-9323
-9323
-9323
-9323
-9323
-9320
-9320
-9320
-9320
-9320
-9320
-9320
-9320
-9320
-9320
-9319
-9319
-9319
-9319
-9319
-9319
-9319
-9319
-9319
-9319
-9318
-9318
-9318
-9318
-9318
-9318
-9318
-9318
-9318
-9318
-9315
-9315
-9315
-9315
-9315
-9315
-9315
-9315
-9315
-9315
-9311
-9311
-9311
-9311
-9311
-9311
-9311
-9311
-9311
-9311
-9309
-9309
-9309
-9309
-9309
-9309
-9309
-9309
-9309
-9309
-9307
-9307
-9307
-9307
-9307
-9307
-9307
-9307
-9307
-9307
-9303
-9303
-9303
-9303
-9303
-9303
-9303
-9303
-9303
-9303
-9301
-9301
-9301
-9301
-9301
-9301
-9301
-9301
-9301
-9301
-9299
-9299
-9299
-9299
-9299
-9299
-9299
-9299
-9299
-9299
-9298
-9298
-9298
-9298
-9298
-9298
-9298
-9298
-9298
-9298
-9297
-9297
-9297
-9297
-9297
-9297
-9297
-9297
-9297
-9297
-9296
-9296
-9296
-9296
-9296
-9296
-9296
-9296
-9296
-9296
-9295
-9295
-9295
-9295
-9295
-9295
-9295
-9295
-9295
-9295
-9293
-9293
-9293
-9293
-9293
-9293
-9293
-9293
-9293
-9293
-9291
-9291
-9291
-9291
-9291
-9291
-9291
-9291
-9291
-9291
-9290
-9290
-9290
-9290
-9290
-9290
-9290
-9290
-9290
-9290
-9289
-9289
-9289
-9289
-9289
-9289
-9289
-9289
-9289
-9289
-9288
-9288
-9288
-9288
-9288
-9288
-9288
-9288
-9288
-9288
-9287
-9287
-9287
-9287
-9287
-9287
-9287
-9287
-9287
-9287
-9284
-9284
-9284
-9284
-9284
-9284
-9284
-9284
-9284
-9284
-9282
-9282
-9282
-9282
-9282
-9282
-9282
-9282
-9282
-9282
-9280
-9280
-9280
-9280
-9280
-9280
-9280
-9280
-9280
-9280
-9279
-9279
-9279
-9279
-9279
-9279
-9279
-9279
-9279
-9279
-9278
-9278
-9278
-9278
-9278
-9278
-9278
-9278
-9278
-9278
-9276
-9276
-9276
-9276
-9276
-9276
-9276
-9276
-9276
-9276
-9275
-9275
-9275
-9275
-9275
-9275
-9275
-9275
-9275
-9275
-9274
-9274
-9274
-9274
-9274
-9274
-9274
-9274
-9274
-9274
-9273
-9273
-9273
-9273
-9273
-9273
-9273
-9273
-9273
-9273
-9272
-9272
-9272
-9272
-9272
-9272
-9272
-9272
-9272
-9272
-9271
-9271
-9271
-9271
-9271
-9271
-9271
-9271
-9271
-9271
-9270
-9270
-9270
-9270
-9270
-9270
-9270
-9270
-9270
-9270
-9267
-9267
-9267
-9267
-9267
-9267
-9267
-9267
-9267
-9267
-9266
-9266
-9266
-9266
-9266
-9266
-9266
-9266
-9266
-9266
-9264
-9264
-9264
-9264
-9264
-9264
-9264
-9264
-9264
-9264
-9263
-9263
-9263
-9263
-9263
-9263
-9263
-9263
-9263
-9263
-9262
-9262
-9262
-9262
-9262
-9262
-9262
-9262
-9262
-9262
-9261
-9261
-9261
-9261
-9261
-9261
-9261
-9261
-9261
-9261
-9256
-9256
-9256
-9256
-9256
-9256
-9256
-9256
-9256
-9256
-9254
-9254
-9254
-9254
-9254
-9254
-9254
-9254
-9254
-9254
-9253
-9253
-9253
-9253
-9253
-9253
-9253
-9253
-9253
-9253
-9250
-9250
-9250
-9250
-9250
-9250
-9250
-9250
-9250
-9250
-9249
-9249
-9249
-9249
-9249
-9249
-9249
-9249
-9249
-9249
-9248
-9248
-9248
-9248
-9248
-9248
-9248
-9248
-9248
-9248
-9240
-9240
-9240
-9240
-9240
-9240
-9240
-9240
-9240
-9240
-9239
-9239
-9239
-9239
-9239
-9239
-9239
-9239
-9239
-9239
-9236
-9236
-9236
-9236
-9236
-9236
-9236
-9236
-9236
-9236
-9234
-9234
-9234
-9234
-9234
-9234
-9234
-9234
-9234
-9234
-9233
-9233
-9233
-9233
-9233
-9233
-9233
-9233
-9233
-9233
-9232
-9232
-9232
-9232
-9232
-9232
-9232
-9232
-9232
-9232
-9230
-9230
-9230
-9230
-9230
-9230
-9230
-9230
-9230
-9230
-9229
-9229
-9229
-9229
-9229
-9229
-9229
-9229
-9229
-9229
-9228
-9228
-9228
-9228
-9228
-9228
-9228
-9228
-9228
-9228
-9226
-9226
-9226
-9226
-9226
-9226
-9226
-9226
-9226
-9226
-9225
-9225
-9225
-9225
-9225
-9225
-9225
-9225
-9225
-9225
-9224
-9224
-9224
-9224
-9224
-9224
-9224
-9224
-9224
-9224
-9223
-9223
-9223
-9223
-9223
-9223
-9223
-9223
-9223
-9223
-9222
-9222
-9222
-9222
-9222
-9222
-9222
-9222
-9222
-9222
-9221
-9221
-9221
-9221
-9221
-9221
-9221
-9221
-9221
-9221
-9220
-9220
-9220
-9220
-9220
-9220
-9220
-9220
-9220
-9220
-9214
-9214
-9214
-9214
-9214
-9214
-9214
-9214
-9214
-9214
-9213
-9213
-9213
-9213
-9213
-9213
-9213
-9213
-9213
-9213
-9211
-9211
-9211
-9211
-9211
-9211
-9211
-9211
-9211
-9211
-9209
-9209
-9209
-9209
-9209
-9209
-9209
-9209
-9209
-9209
-9205
-9205
-9205
-9205
-9205
-9205
-9205
-9205
-9205
-9205
-9204
-9204
-9204
-9204
-9204
-9204
-9204
-9204
-9204
-9204
-9200
-9200
-9200
-9200
-9200
-9200
-9200
-9200
-9200
-9200
-9199
-9199
-9199
-9199
-9199
-9199
-9199
-9199
-9199
-9199
-9198
-9198
-9198
-9198
-9198
-9198
-9198
-9198
-9198
-9198
-9197
-9197
-9197
-9197
-9197
-9197
-9197
-9197
-9197
-9197
-9194
-9194
-9194
-9194
-9194
-9194
-9194
-9194
-9194
-9194
-9193
-9193
-9193
-9193
-9193
-9193
-9193
-9193
-9193
-9193
-9187
-9187
-9187
-9187
-9187
-9187
-9187
-9187
-9187
-9187
-9185
-9185
-9185
-9185
-9185
-9185
-9185
-9185
-9185
-9185
-9184
-9184
-9184
-9184
-9184
-9184
-9184
-9184
-9184
-9184
-9183
-9183
-9183
-9183
-9183
-9183
-9183
-9183
-9183
-9183
-9182
-9182
-9182
-9182
-9182
-9182
-9182
-9182
-9182
-9182
-9181
-9181
-9181
-9181
-9181
-9181
-9181
-9181
-9181
-9181
-9180
-9180
-9180
-9180
-9180
-9180
-9180
-9180
-9180
-9180
-9179
-9179
-9179
-9179
-9179
-9179
-9179
-9179
-9179
-9179
-9176
-9176
-9176
-9176
-9176
-9176
-9176
-9176
-9176
-9176
-9175
-9175
-9175
-9175
-9175
-9175
-9175
-9175
-9175
-9175
-9171
-9171
-9171
-9171
-9171
-9171
-9171
-9171
-9171
-9171
-9169
-9169
-9169
-9169
-9169
-9169
-9169
-9169
-9169
-9169
-9167
-9167
-9167
-9167
-9167
-9167
-9167
-9167
-9167
-9167
-9164
-9164
-9164
-9164
-9164
-9164
-9164
-9164
-9164
-9164
-9162
-9162
-9162
-9162
-9162
-9162
-9162
-9162
-9162
-9162
-9158
-9158
-9158
-9158
-9158
-9158
-9158
-9158
-9158
-9158
-9157
-9157
-9157
-9157
-9157
-9157
-9157
-9157
-9157
-9157
-9156
-9156
-9156
-9156
-9156
-9156
-9156
-9156
-9156
-9156
-9155
-9155
-9155
-9155
-9155
-9155
-9155
-9155
-9155
-9155
-9153
-9153
-9153
-9153
-9153
-9153
-9153
-9153
-9153
-9153
-9152
-9152
-9152
-9152
-9152
-9152
-9152
-9152
-9152
-9152
-9150
-9150
-9150
-9150
-9150
-9150
-9150
-9150
-9150
-9150
-9148
-9148
-9148
-9148
-9148
-9148
-9148
-9148
-9148
-9148
-9142
-9142
-9142
-9142
-9142
-9142
-9142
-9142
-9142
-9142
-9140
-9140
-9140
-9140
-9140
-9140
-9140
-9140
-9140
-9140
-9139
-9139
-9139
-9139
-9139
-9139
-9139
-9139
-9139
-9139
-9138
-9138
-9138
-9138
-9138
-9138
-9138
-9138
-9138
-9138
-9136
-9136
-9136
-9136
-9136
-9136
-9136
-9136
-9136
-9136
-9135
-9135
-9135
-9135
-9135
-9135
-9135
-9135
-9135
-9135
-9133
-9133
-9133
-9133
-9133
-9133
-9133
-9133
-9133
-9133
-9132
-9132
-9132
-9132
-9132
-9132
-9132
-9132
-9132
-9132
-9129
-9129
-9129
-9129
-9129
-9129
-9129
-9129
-9129
-9129
-9128
-9128
-9128
-9128
-9128
-9128
-9128
-9128
-9128
-9128
-9127
-9127
-9127
-9127
-9127
-9127
-9127
-9127
-9127
-9127
-9123
-9123
-9123
-9123
-9123
-9123
-9123
-9123
-9123
-9123
-9121
-9121
-9121
-9121
-9121
-9121
-9121
-9121
-9121
-9121
-9118
-9118
-9118
-9118
-9118
-9118
-9118
-9118
-9118
-9118
-9117
-9117
-9117
-9117
-9117
-9117
-9117
-9117
-9117
-9117
-9116
-9116
-9116
-9116
-9116
-9116
-9116
-9116
-9116
-9116
-9114
-9114
-9114
-9114
-9114
-9114
-9114
-9114
-9114
-9114
-9111
-9111
-9111
-9111
-9111
-9111
-9111
-9111
-9111
-9111
-9110
-9110
-9110
-9110
-9110
-9110
-9110
-9110
-9110
-9110
-9109
-9109
-9109
-9109
-9109
-9109
-9109
-9109
-9109
-9109
-9107
-9107
-9107
-9107
-9107
-9107
-9107
-9107
-9107
-9107
-9105
-9105
-9105
-9105
-9105
-9105
-9105
-9105
-9105
-9105
-9104
-9104
-9104
-9104
-9104
-9104
-9104
-9104
-9104
-9104
-9103
-9103
-9103
-9103
-9103
-9103
-9103
-9103
-9103
-9103
-9102
-9102
-9102
-9102
-9102
-9102
-9102
-9102
-9102
-9102
-9100
-9100
-9100
-9100
-9100
-9100
-9100
-9100
-9100
-9100
-9098
-9098
-9098
-9098
-9098
-9098
-9098
-9098
-9098
-9098
-9096
-9096
-9096
-9096
-9096
-9096
-9096
-9096
-9096
-9096
-9094
-9094
-9094
-9094
-9094
-9094
-9094
-9094
-9094
-9094
-9092
-9092
-9092
-9092
-9092
-9092
-9092
-9092
-9092
-9092
-9089
-9089
-9089
-9089
-9089
-9089
-9089
-9089
-9089
-9089
-9088
-9088
-9088
-9088
-9088
-9088
-9088
-9088
-9088
-9088
-9087
-9087
-9087
-9087
-9087
-9087
-9087
-9087
-9087
-9087
-9086
-9086
-9086
-9086
-9086
-9086
-9086
-9086
-9086
-9086
-9084
-9084
-9084
-9084
-9084
-9084
-9084
-9084
-9084
-9084
-9083
-9083
-9083
-9083
-9083
-9083
-9083
-9083
-9083
-9083
-9079
-9079
-9079
-9079
-9079
-9079
-9079
-9079
-9079
-9079
-9077
-9077
-9077
-9077
-9077
-9077
-9077
-9077
-9077
-9077
-9075
-9075
-9075
-9075
-9075
-9075
-9075
-9075
-9075
-9075
-9073
-9073
-9073
-9073
-9073
-9073
-9073
-9073
-9073
-9073
-9072
-9072
-9072
-9072
-9072
-9072
-9072
-9072
-9072
-9072
-9069
-9069
-9069
-9069
-9069
-9069
-9069
-9069
-9069
-9069
-9067
-9067
-9067
-9067
-9067
-9067
-9067
-9067
-9067
-9067
-9065
-9065
-9065
-9065
-9065
-9065
-9065
-9065
-9065
-9065
-9064
-9064
-9064
-9064
-9064
-9064
-9064
-9064
-9064
-9064
-9063
-9063
-9063
-9063
-9063
-9063
-9063
-9063
-9063
-9063
-9061
-9061
-9061
-9061
-9061
-9061
-9061
-9061
-9061
-9061
-9060
-9060
-9060
-9060
-9060
-9060
-9060
-9060
-9060
-9060
-9057
-9057
-9057
-9057
-9057
-9057
-9057
-9057
-9057
-9057
-9056
-9056
-9056
-9056
-9056
-9056
-9056
-9056
-9056
-9056
-9055
-9055
-9055
-9055
-9055
-9055
-9055
-9055
-9055
-9055
-9053
-9053
-9053
-9053
-9053
-9053
-9053
-9053
-9053
-9053
-9051
-9051
-9051
-9051
-9051
-9051
-9051
-9051
-9051
-9051
-9049
-9049
-9049
-9049
-9049
-9049
-9049
-9049
-9049
-9049
-9047
-9047
-9047
-9047
-9047
-9047
-9047
-9047
-9047
-9047
-9046
-9046
-9046
-9046
-9046
-9046
-9046
-9046
-9046
-9046
-9045
-9045
-9045
-9045
-9045
-9045
-9045
-9045
-9045
-9045
-9041
-9041
-9041
-9041
-9041
-9041
-9041
-9041
-9041
-9041
-9039
-9039
-9039
-9039
-9039
-9039
-9039
-9039
-9039
-9039
-9035
-9035
-9035
-9035
-9035
-9035
-9035
-9035
-9035
-9035
-9034
-9034
-9034
-9034
-9034
-9034
-9034
-9034
-9034
-9034
-9033
-9033
-9033
-9033
-9033
-9033
-9033
-9033
-9033
-9033
-9031
-9031
-9031
-9031
-9031
-9031
-9031
-9031
-9031
-9031
-9030
-9030
-9030
-9030
-9030
-9030
-9030
-9030
-9030
-9030
-9029
-9029
-9029
-9029
-9029
-9029
-9029
-9029
-9029
-9029
-9028
-9028
-9028
-9028
-9028
-9028
-9028
-9028
-9028
-9028
-9026
-9026
-9026
-9026
-9026
-9026
-9026
-9026
-9026
-9026
-9025
-9025
-9025
-9025
-9025
-9025
-9025
-9025
-9025
-9025
-9022
-9022
-9022
-9022
-9022
-9022
-9022
-9022
-9022
-9022
-9020
-9020
-9020
-9020
-9020
-9020
-9020
-9020
-9020
-9020
-9018
-9018
-9018
-9018
-9018
-9018
-9018
-9018
-9018
-9018
-9017
-9017
-9017
-9017
-9017
-9017
-9017
-9017
-9017
-9017
-9016
-9016
-9016
-9016
-9016
-9016
-9016
-9016
-9016
-9016
-9014
-9014
-9014
-9014
-9014
-9014
-9014
-9014
-9014
-9014
-9012
-9012
-9012
-9012
-9012
-9012
-9012
-9012
-9012
-9012
-9011
-9011
-9011
-9011
-9011
-9011
-9011
-9011
-9011
-9011
-9007
-9007
-9007
-9007
-9007
-9007
-9007
-9007
-9007
-9007
-9006
-9006
-9006
-9006
-9006
-9006
-9006
-9006
-9006
-9006
-9001
-9001
-9001
-9001
-9001
-9001
-9001
-9001
-9001
-9001
-9000
-9000
-9000
-9000
-9000
-9000
-9000
-9000
-9000
-9000
-8998
-8998
-8998
-8998
-8998
-8998
-8998
-8998
-8998
-8998
-8991
-8991
-8991
-8991
-8991
-8991
-8991
-8991
-8991
-8991
-8990
-8990
-8990
-8990
-8990
-8990
-8990
-8990
-8990
-8990
-8986
-8986
-8986
-8986
-8986
-8986
-8986
-8986
-8986
-8986
-8984
-8984
-8984
-8984
-8984
-8984
-8984
-8984
-8984
-8984
-8980
-8980
-8980
-8980
-8980
-8980
-8980
-8980
-8980
-8980
-8979
-8979
-8979
-8979
-8979
-8979
-8979
-8979
-8979
-8979
-8977
-8977
-8977
-8977
-8977
-8977
-8977
-8977
-8977
-8977
-8976
-8976
-8976
-8976
-8976
-8976
-8976
-8976
-8976
-8976
-8975
-8975
-8975
-8975
-8975
-8975
-8975
-8975
-8975
-8975
-8974
-8974
-8974
-8974
-8974
-8974
-8974
-8974
-8974
-8974
-8972
-8972
-8972
-8972
-8972
-8972
-8972
-8972
-8972
-8972
-8971
-8971
-8971
-8971
-8971
-8971
-8971
-8971
-8971
-8971
-8970
-8970
-8970
-8970
-8970
-8970
-8970
-8970
-8970
-8970
-8969
-8969
-8969
-8969
-8969
-8969
-8969
-8969
-8969
-8969
-8968
-8968
-8968
-8968
-8968
-8968
-8968
-8968
-8968
-8968
-8967
-8967
-8967
-8967
-8967
-8967
-8967
-8967
-8967
-8967
-8966
-8966
-8966
-8966
-8966
-8966
-8966
-8966
-8966
-8966
-8965
-8965
-8965
-8965
-8965
-8965
-8965
-8965
-8965
-8965
-8964
-8964
-8964
-8964
-8964
-8964
-8964
-8964
-8964
-8964
-8961
-8961
-8961
-8961
-8961
-8961
-8961
-8961
-8961
-8961
-8959
-8959
-8959
-8959
-8959
-8959
-8959
-8959
-8959
-8959
-8957
-8957
-8957
-8957
-8957
-8957
-8957
-8957
-8957
-8957
-8956
-8956
-8956
-8956
-8956
-8956
-8956
-8956
-8956
-8956
-8954
-8954
-8954
-8954
-8954
-8954
-8954
-8954
-8954
-8954
-8953
-8953
-8953
-8953
-8953
-8953
-8953
-8953
-8953
-8953
-8950
-8950
-8950
-8950
-8950
-8950
-8950
-8950
-8950
-8950
-8949
-8949
-8949
-8949
-8949
-8949
-8949
-8949
-8949
-8949
-8948
-8948
-8948
-8948
-8948
-8948
-8948
-8948
-8948
-8948
-8945
-8945
-8945
-8945
-8945
-8945
-8945
-8945
-8945
-8945
-8942
-8942
-8942
-8942
-8942
-8942
-8942
-8942
-8942
-8942
-8940
-8940
-8940
-8940
-8940
-8940
-8940
-8940
-8940
-8940
-8939
-8939
-8939
-8939
-8939
-8939
-8939
-8939
-8939
-8939
-8935
-8935
-8935
-8935
-8935
-8935
-8935
-8935
-8935
-8935
-8934
-8934
-8934
-8934
-8934
-8934
-8934
-8934
-8934
-8934
-8932
-8932
-8932
-8932
-8932
-8932
-8932
-8932
-8932
-8932
-8930
-8930
-8930
-8930
-8930
-8930
-8930
-8930
-8930
-8930
-8929
-8929
-8929
-8929
-8929
-8929
-8929
-8929
-8929
-8929
-8927
-8927
-8927
-8927
-8927
-8927
-8927
-8927
-8927
-8927
-8926
-8926
-8926
-8926
-8926
-8926
-8926
-8926
-8926
-8926
-8923
-8923
-8923
-8923
-8923
-8923
-8923
-8923
-8923
-8923
-8922
-8922
-8922
-8922
-8922
-8922
-8922
-8922
-8922
-8922
-8921
-8921
-8921
-8921
-8921
-8921
-8921
-8921
-8921
-8921
-8918
-8918
-8918
-8918
-8918
-8918
-8918
-8918
-8918
-8918
-8915
-8915
-8915
-8915
-8915
-8915
-8915
-8915
-8915
-8915
-8914
-8914
-8914
-8914
-8914
-8914
-8914
-8914
-8914
-8914
-8912
-8912
-8912
-8912
-8912
-8912
-8912
-8912
-8912
-8912
-8911
-8911
-8911
-8911
-8911
-8911
-8911
-8911
-8911
-8911
-8908
-8908
-8908
-8908
-8908
-8908
-8908
-8908
-8908
-8908
-8907
-8907
-8907
-8907
-8907
-8907
-8907
-8907
-8907
-8907
-8906
-8906
-8906
-8906
-8906
-8906
-8906
-8906
-8906
-8906
-8905
-8905
-8905
-8905
-8905
-8905
-8905
-8905
-8905
-8905
-8897
-8897
-8897
-8897
-8897
-8897
-8897
-8897
-8897
-8897
-8893
-8893
-8893
-8893
-8893
-8893
-8893
-8893
-8893
-8893
-8888
-8888
-8888
-8888
-8888
-8888
-8888
-8888
-8888
-8888
-8887
-8887
-8887
-8887
-8887
-8887
-8887
-8887
-8887
-8887
-8885
-8885
-8885
-8885
-8885
-8885
-8885
-8885
-8885
-8885
-8883
-8883
-8883
-8883
-8883
-8883
-8883
-8883
-8883
-8883
-8880
-8880
-8880
-8880
-8880
-8880
-8880
-8880
-8880
-8880
-8879
-8879
-8879
-8879
-8879
-8879
-8879
-8879
-8879
-8879
-8877
-8877
-8877
-8877
-8877
-8877
-8877
-8877
-8877
-8877
-8876
-8876
-8876
-8876
-8876
-8876
-8876
-8876
-8876
-8876
-8875
-8875
-8875
-8875
-8875
-8875
-8875
-8875
-8875
-8875
-8873
-8873
-8873
-8873
-8873
-8873
-8873
-8873
-8873
-8873
-8870
-8870
-8870
-8870
-8870
-8870
-8870
-8870
-8870
-8870
-8869
-8869
-8869
-8869
-8869
-8869
-8869
-8869
-8869
-8869
-8867
-8867
-8867
-8867
-8867
-8867
-8867
-8867
-8867
-8867
-8866
-8866
-8866
-8866
-8866
-8866
-8866
-8866
-8866
-8866
-8862
-8862
-8862
-8862
-8862
-8862
-8862
-8862
-8862
-8862
-8860
-8860
-8860
-8860
-8860
-8860
-8860
-8860
-8860
-8860
-8859
-8859
-8859
-8859
-8859
-8859
-8859
-8859
-8859
-8859
-8858
-8858
-8858
-8858
-8858
-8858
-8858
-8858
-8858
-8858
-8857
-8857
-8857
-8857
-8857
-8857
-8857
-8857
-8857
-8857
-8852
-8852
-8852
-8852
-8852
-8852
-8852
-8852
-8852
-8852
-8850
-8850
-8850
-8850
-8850
-8850
-8850
-8850
-8850
-8850
-8849
-8849
-8849
-8849
-8849
-8849
-8849
-8849
-8849
-8849
-8846
-8846
-8846
-8846
-8846
-8846
-8846
-8846
-8846
-8846
-8845
-8845
-8845
-8845
-8845
-8845
-8845
-8845
-8845
-8845
-8844
-8844
-8844
-8844
-8844
-8844
-8844
-8844
-8844
-8844
-8841
-8841
-8841
-8841
-8841
-8841
-8841
-8841
-8841
-8841
-8840
-8840
-8840
-8840
-8840
-8840
-8840
-8840
-8840
-8840
-8838
-8838
-8838
-8838
-8838
-8838
-8838
-8838
-8838
-8838
-8837
-8837
-8837
-8837
-8837
-8837
-8837
-8837
-8837
-8837
-8833
-8833
-8833
-8833
-8833
-8833
-8833
-8833
-8833
-8833
-8832
-8832
-8832
-8832
-8832
-8832
-8832
-8832
-8832
-8832
-8830
-8830
-8830
-8830
-8830
-8830
-8830
-8830
-8830
-8830
-8828
-8828
-8828
-8828
-8828
-8828
-8828
-8828
-8828
-8828
-8827
-8827
-8827
-8827
-8827
-8827
-8827
-8827
-8827
-8827
-8825
-8825
-8825
-8825
-8825
-8825
-8825
-8825
-8825
-8825
-8824
-8824
-8824
-8824
-8824
-8824
-8824
-8824
-8824
-8824
-8820
-8820
-8820
-8820
-8820
-8820
-8820
-8820
-8820
-8820
-8818
-8818
-8818
-8818
-8818
-8818
-8818
-8818
-8818
-8818
-8816
-8816
-8816
-8816
-8816
-8816
-8816
-8816
-8816
-8816
-8814
-8814
-8814
-8814
-8814
-8814
-8814
-8814
-8814
-8814
-8813
-8813
-8813
-8813
-8813
-8813
-8813
-8813
-8813
-8813
-8812
-8812
-8812
-8812
-8812
-8812
-8812
-8812
-8812
-8812
-8810
-8810
-8810
-8810
-8810
-8810
-8810
-8810
-8810
-8810
-8807
-8807
-8807
-8807
-8807
-8807
-8807
-8807
-8807
-8807
-8804
-8804
-8804
-8804
-8804
-8804
-8804
-8804
-8804
-8804
-8803
-8803
-8803
-8803
-8803
-8803
-8803
-8803
-8803
-8803
-8796
-8796
-8796
-8796
-8796
-8796
-8796
-8796
-8796
-8796
-8795
-8795
-8795
-8795
-8795
-8795
-8795
-8795
-8795
-8795
-8794
-8794
-8794
-8794
-8794
-8794
-8794
-8794
-8794
-8794
-8793
-8793
-8793
-8793
-8793
-8793
-8793
-8793
-8793
-8793
-8791
-8791
-8791
-8791
-8791
-8791
-8791
-8791
-8791
-8791
-8789
-8789
-8789
-8789
-8789
-8789
-8789
-8789
-8789
-8789
-8785
-8785
-8785
-8785
-8785
-8785
-8785
-8785
-8785
-8785
-8782
-8782
-8782
-8782
-8782
-8782
-8782
-8782
-8782
-8782
-8779
-8779
-8779
-8779
-8779
-8779
-8779
-8779
-8779
-8779
-8776
-8776
-8776
-8776
-8776
-8776
-8776
-8776
-8776
-8776
-8775
-8775
-8775
-8775
-8775
-8775
-8775
-8775
-8775
-8775
-8774
-8774
-8774
-8774
-8774
-8774
-8774
-8774
-8774
-8774
-8769
-8769
-8769
-8769
-8769
-8769
-8769
-8769
-8769
-8769
-8766
-8766
-8766
-8766
-8766
-8766
-8766
-8766
-8766
-8766
-8765
-8765
-8765
-8765
-8765
-8765
-8765
-8765
-8765
-8765
-8764
-8764
-8764
-8764
-8764
-8764
-8764
-8764
-8764
-8764
-8761
-8761
-8761
-8761
-8761
-8761
-8761
-8761
-8761
-8761
-8760
-8760
-8760
-8760
-8760
-8760
-8760
-8760
-8760
-8760
-8756
-8756
-8756
-8756
-8756
-8756
-8756
-8756
-8756
-8756
-8755
-8755
-8755
-8755
-8755
-8755
-8755
-8755
-8755
-8755
-8754
-8754
-8754
-8754
-8754
-8754
-8754
-8754
-8754
-8754
-8752
-8752
-8752
-8752
-8752
-8752
-8752
-8752
-8752
-8752
-8751
-8751
-8751
-8751
-8751
-8751
-8751
-8751
-8751
-8751
-8749
-8749
-8749
-8749
-8749
-8749
-8749
-8749
-8749
-8749
-8746
-8746
-8746
-8746
-8746
-8746
-8746
-8746
-8746
-8746
-8745
-8745
-8745
-8745
-8745
-8745
-8745
-8745
-8745
-8745
-8742
-8742
-8742
-8742
-8742
-8742
-8742
-8742
-8742
-8742
-8741
-8741
-8741
-8741
-8741
-8741
-8741
-8741
-8741
-8741
-8739
-8739
-8739
-8739
-8739
-8739
-8739
-8739
-8739
-8739
-8737
-8737
-8737
-8737
-8737
-8737
-8737
-8737
-8737
-8737
-8735
-8735
-8735
-8735
-8735
-8735
-8735
-8735
-8735
-8735
-8732
-8732
-8732
-8732
-8732
-8732
-8732
-8732
-8732
-8732
-8731
-8731
-8731
-8731
-8731
-8731
-8731
-8731
-8731
-8731
-8730
-8730
-8730
-8730
-8730
-8730
-8730
-8730
-8730
-8730
-8728
-8728
-8728
-8728
-8728
-8728
-8728
-8728
-8728
-8728
-8727
-8727
-8727
-8727
-8727
-8727
-8727
-8727
-8727
-8727
-8724
-8724
-8724
-8724
-8724
-8724
-8724
-8724
-8724
-8724
-8720
-8720
-8720
-8720
-8720
-8720
-8720
-8720
-8720
-8720
-8717
-8717
-8717
-8717
-8717
-8717
-8717
-8717
-8717
-8717
-8715
-8715
-8715
-8715
-8715
-8715
-8715
-8715
-8715
-8715
-8710
-8710
-8710
-8710
-8710
-8710
-8710
-8710
-8710
-8710
-8709
-8709
-8709
-8709
-8709
-8709
-8709
-8709
-8709
-8709
-8708
-8708
-8708
-8708
-8708
-8708
-8708
-8708
-8708
-8708
-8706
-8706
-8706
-8706
-8706
-8706
-8706
-8706
-8706
-8706
-8703
-8703
-8703
-8703
-8703
-8703
-8703
-8703
-8703
-8703
-8701
-8701
-8701
-8701
-8701
-8701
-8701
-8701
-8701
-8701
-8698
-8698
-8698
-8698
-8698
-8698
-8698
-8698
-8698
-8698
-8697
-8697
-8697
-8697
-8697
-8697
-8697
-8697
-8697
-8697
-8694
-8694
-8694
-8694
-8694
-8694
-8694
-8694
-8694
-8694
-8692
-8692
-8692
-8692
-8692
-8692
-8692
-8692
-8692
-8692
-8686
-8686
-8686
-8686
-8686
-8686
-8686
-8686
-8686
-8686
-8685
-8685
-8685
-8685
-8685
-8685
-8685
-8685
-8685
-8685
-8684
-8684
-8684
-8684
-8684
-8684
-8684
-8684
-8684
-8684
-8680
-8680
-8680
-8680
-8680
-8680
-8680
-8680
-8680
-8680
-8678
-8678
-8678
-8678
-8678
-8678
-8678
-8678
-8678
-8678
-8677
-8677
-8677
-8677
-8677
-8677
-8677
-8677
-8677
-8677
-8675
-8675
-8675
-8675
-8675
-8675
-8675
-8675
-8675
-8675
-8674
-8674
-8674
-8674
-8674
-8674
-8674
-8674
-8674
-8674
-8673
-8673
-8673
-8673
-8673
-8673
-8673
-8673
-8673
-8673
-8672
-8672
-8672
-8672
-8672
-8672
-8672
-8672
-8672
-8672
-8669
-8669
-8669
-8669
-8669
-8669
-8669
-8669
-8669
-8669
-8667
-8667
-8667
-8667
-8667
-8667
-8667
-8667
-8667
-8667
-8665
-8665
-8665
-8665
-8665
-8665
-8665
-8665
-8665
-8665
-8663
-8663
-8663
-8663
-8663
-8663
-8663
-8663
-8663
-8663
-8662
-8662
-8662
-8662
-8662
-8662
-8662
-8662
-8662
-8662
-8660
-8660
-8660
-8660
-8660
-8660
-8660
-8660
-8660
-8660
-8659
-8659
-8659
-8659
-8659
-8659
-8659
-8659
-8659
-8659
-8657
-8657
-8657
-8657
-8657
-8657
-8657
-8657
-8657
-8657
-8656
-8656
-8656
-8656
-8656
-8656
-8656
-8656
-8656
-8656
-8652
-8652
-8652
-8652
-8652
-8652
-8652
-8652
-8652
-8652
-8651
-8651
-8651
-8651
-8651
-8651
-8651
-8651
-8651
-8651
-8649
-8649
-8649
-8649
-8649
-8649
-8649
-8649
-8649
-8649
-8647
-8647
-8647
-8647
-8647
-8647
-8647
-8647
-8647
-8647
-8646
-8646
-8646
-8646
-8646
-8646
-8646
-8646
-8646
-8646
-8645
-8645
-8645
-8645
-8645
-8645
-8645
-8645
-8645
-8645
-8640
-8640
-8640
-8640
-8640
-8640
-8640
-8640
-8640
-8640
-8639
-8639
-8639
-8639
-8639
-8639
-8639
-8639
-8639
-8639
-8638
-8638
-8638
-8638
-8638
-8638
-8638
-8638
-8638
-8638
-8635
-8635
-8635
-8635
-8635
-8635
-8635
-8635
-8635
-8635
-8634
-8634
-8634
-8634
-8634
-8634
-8634
-8634
-8634
-8634
-8632
-8632
-8632
-8632
-8632
-8632
-8632
-8632
-8632
-8632
-8630
-8630
-8630
-8630
-8630
-8630
-8630
-8630
-8630
-8630
-8629
-8629
-8629
-8629
-8629
-8629
-8629
-8629
-8629
-8629
-8626
-8626
-8626
-8626
-8626
-8626
-8626
-8626
-8626
-8626
-8625
-8625
-8625
-8625
-8625
-8625
-8625
-8625
-8625
-8625
-8624
-8624
-8624
-8624
-8624
-8624
-8624
-8624
-8624
-8624
-8623
-8623
-8623
-8623
-8623
-8623
-8623
-8623
-8623
-8623
-8622
-8622
-8622
-8622
-8622
-8622
-8622
-8622
-8622
-8622
-8618
-8618
-8618
-8618
-8618
-8618
-8618
-8618
-8618
-8618
-8617
-8617
-8617
-8617
-8617
-8617
-8617
-8617
-8617
-8617
-8615
-8615
-8615
-8615
-8615
-8615
-8615
-8615
-8615
-8615
-8613
-8613
-8613
-8613
-8613
-8613
-8613
-8613
-8613
-8613
-8611
-8611
-8611
-8611
-8611
-8611
-8611
-8611
-8611
-8611
-8608
-8608
-8608
-8608
-8608
-8608
-8608
-8608
-8608
-8608
-8606
-8606
-8606
-8606
-8606
-8606
-8606
-8606
-8606
-8606
-8604
-8604
-8604
-8604
-8604
-8604
-8604
-8604
-8604
-8604
-8599
-8599
-8599
-8599
-8599
-8599
-8599
-8599
-8599
-8599
-8595
-8595
-8595
-8595
-8595
-8595
-8595
-8595
-8595
-8595
-8588
-8588
-8588
-8588
-8588
-8588
-8588
-8588
-8588
-8588
-8587
-8587
-8587
-8587
-8587
-8587
-8587
-8587
-8587
-8587
-8581
-8581
-8581
-8581
-8581
-8581
-8581
-8581
-8581
-8581
-8579
-8579
-8579
-8579
-8579
-8579
-8579
-8579
-8579
-8579
-8578
-8578
-8578
-8578
-8578
-8578
-8578
-8578
-8578
-8578
-8577
-8577
-8577
-8577
-8577
-8577
-8577
-8577
-8577
-8577
-8574
-8574
-8574
-8574
-8574
-8574
-8574
-8574
-8574
-8574
-8571
-8571
-8571
-8571
-8571
-8571
-8571
-8571
-8571
-8571
-8570
-8570
-8570
-8570
-8570
-8570
-8570
-8570
-8570
-8570
-8568
-8568
-8568
-8568
-8568
-8568
-8568
-8568
-8568
-8568
-8566
-8566
-8566
-8566
-8566
-8566
-8566
-8566
-8566
-8566
-8564
-8564
-8564
-8564
-8564
-8564
-8564
-8564
-8564
-8564
-8562
-8562
-8562
-8562
-8562
-8562
-8562
-8562
-8562
-8562
-8559
-8559
-8559
-8559
-8559
-8559
-8559
-8559
-8559
-8559
-8558
-8558
-8558
-8558
-8558
-8558
-8558
-8558
-8558
-8558
-8556
-8556
-8556
-8556
-8556
-8556
-8556
-8556
-8556
-8556
-8555
-8555
-8555
-8555
-8555
-8555
-8555
-8555
-8555
-8555
-8549
-8549
-8549
-8549
-8549
-8549
-8549
-8549
-8549
-8549
-8548
-8548
-8548
-8548
-8548
-8548
-8548
-8548
-8548
-8548
-8547
-8547
-8547
-8547
-8547
-8547
-8547
-8547
-8547
-8547
-8546
-8546
-8546
-8546
-8546
-8546
-8546
-8546
-8546
-8546
-8545
-8545
-8545
-8545
-8545
-8545
-8545
-8545
-8545
-8545
-8543
-8543
-8543
-8543
-8543
-8543
-8543
-8543
-8543
-8543
-8540
-8540
-8540
-8540
-8540
-8540
-8540
-8540
-8540
-8540
-8539
-8539
-8539
-8539
-8539
-8539
-8539
-8539
-8539
-8539
-8537
-8537
-8537
-8537
-8537
-8537
-8537
-8537
-8537
-8537
-8536
-8536
-8536
-8536
-8536
-8536
-8536
-8536
-8536
-8536
-8535
-8535
-8535
-8535
-8535
-8535
-8535
-8535
-8535
-8535
-8534
-8534
-8534
-8534
-8534
-8534
-8534
-8534
-8534
-8534
-8533
-8533
-8533
-8533
-8533
-8533
-8533
-8533
-8533
-8533
-8532
-8532
-8532
-8532
-8532
-8532
-8532
-8532
-8532
-8532
-8531
-8531
-8531
-8531
-8531
-8531
-8531
-8531
-8531
-8531
-8527
-8527
-8527
-8527
-8527
-8527
-8527
-8527
-8527
-8527
-8524
-8524
-8524
-8524
-8524
-8524
-8524
-8524
-8524
-8524
-8523
-8523
-8523
-8523
-8523
-8523
-8523
-8523
-8523
-8523
-8522
-8522
-8522
-8522
-8522
-8522
-8522
-8522
-8522
-8522
-8521
-8521
-8521
-8521
-8521
-8521
-8521
-8521
-8521
-8521
-8520
-8520
-8520
-8520
-8520
-8520
-8520
-8520
-8520
-8520
-8519
-8519
-8519
-8519
-8519
-8519
-8519
-8519
-8519
-8519
-8518
-8518
-8518
-8518
-8518
-8518
-8518
-8518
-8518
-8518
-8517
-8517
-8517
-8517
-8517
-8517
-8517
-8517
-8517
-8517
-8515
-8515
-8515
-8515
-8515
-8515
-8515
-8515
-8515
-8515
-8514
-8514
-8514
-8514
-8514
-8514
-8514
-8514
-8514
-8514
-8509
-8509
-8509
-8509
-8509
-8509
-8509
-8509
-8509
-8509
-8507
-8507
-8507
-8507
-8507
-8507
-8507
-8507
-8507
-8507
-8506
-8506
-8506
-8506
-8506
-8506
-8506
-8506
-8506
-8506
-8505
-8505
-8505
-8505
-8505
-8505
-8505
-8505
-8505
-8505
-8503
-8503
-8503
-8503
-8503
-8503
-8503
-8503
-8503
-8503
-8501
-8501
-8501
-8501
-8501
-8501
-8501
-8501
-8501
-8501
-8499
-8499
-8499
-8499
-8499
-8499
-8499
-8499
-8499
-8499
-8495
-8495
-8495
-8495
-8495
-8495
-8495
-8495
-8495
-8495
-8494
-8494
-8494
-8494
-8494
-8494
-8494
-8494
-8494
-8494
-8491
-8491
-8491
-8491
-8491
-8491
-8491
-8491
-8491
-8491
-8490
-8490
-8490
-8490
-8490
-8490
-8490
-8490
-8490
-8490
-8489
-8489
-8489
-8489
-8489
-8489
-8489
-8489
-8489
-8489
-8488
-8488
-8488
-8488
-8488
-8488
-8488
-8488
-8488
-8488
-8487
-8487
-8487
-8487
-8487
-8487
-8487
-8487
-8487
-8487
-8485
-8485
-8485
-8485
-8485
-8485
-8485
-8485
-8485
-8485
-8483
-8483
-8483
-8483
-8483
-8483
-8483
-8483
-8483
-8483
-8482
-8482
-8482
-8482
-8482
-8482
-8482
-8482
-8482
-8482
-8481
-8481
-8481
-8481
-8481
-8481
-8481
-8481
-8481
-8481
-8478
-8478
-8478
-8478
-8478
-8478
-8478
-8478
-8478
-8478
-8476
-8476
-8476
-8476
-8476
-8476
-8476
-8476
-8476
-8476
-8475
-8475
-8475
-8475
-8475
-8475
-8475
-8475
-8475
-8475
-8474
-8474
-8474
-8474
-8474
-8474
-8474
-8474
-8474
-8474
-8473
-8473
-8473
-8473
-8473
-8473
-8473
-8473
-8473
-8473
-8472
-8472
-8472
-8472
-8472
-8472
-8472
-8472
-8472
-8472
-8470
-8470
-8470
-8470
-8470
-8470
-8470
-8470
-8470
-8470
-8468
-8468
-8468
-8468
-8468
-8468
-8468
-8468
-8468
-8468
-8466
-8466
-8466
-8466
-8466
-8466
-8466
-8466
-8466
-8466
-8464
-8464
-8464
-8464
-8464
-8464
-8464
-8464
-8464
-8464
-8462
-8462
-8462
-8462
-8462
-8462
-8462
-8462
-8462
-8462
-8460
-8460
-8460
-8460
-8460
-8460
-8460
-8460
-8460
-8460
-8459
-8459
-8459
-8459
-8459
-8459
-8459
-8459
-8459
-8459
-8454
-8454
-8454
-8454
-8454
-8454
-8454
-8454
-8454
-8454
-8453
-8453
-8453
-8453
-8453
-8453
-8453
-8453
-8453
-8453
-8452
-8452
-8452
-8452
-8452
-8452
-8452
-8452
-8452
-8452
-8447
-8447
-8447
-8447
-8447
-8447
-8447
-8447
-8447
-8447
-8446
-8446
-8446
-8446
-8446
-8446
-8446
-8446
-8446
-8446
-8442
-8442
-8442
-8442
-8442
-8442
-8442
-8442
-8442
-8442
-8439
-8439
-8439
-8439
-8439
-8439
-8439
-8439
-8439
-8439
-8432
-8432
-8432
-8432
-8432
-8432
-8432
-8432
-8432
-8432
-8430
-8430
-8430
-8430
-8430
-8430
-8430
-8430
-8430
-8430
-8421
-8421
-8421
-8421
-8421
-8421
-8421
-8421
-8421
-8421
-8418
-8418
-8418
-8418
-8418
-8418
-8418
-8418
-8418
-8418
-8415
-8415
-8415
-8415
-8415
-8415
-8415
-8415
-8415
-8415
-8412
-8412
-8412
-8412
-8412
-8412
-8412
-8412
-8412
-8412
-8405
-8405
-8405
-8405
-8405
-8405
-8405
-8405
-8405
-8405
-8403
-8403
-8403
-8403
-8403
-8403
-8403
-8403
-8403
-8403
-8398
-8398
-8398
-8398
-8398
-8398
-8398
-8398
-8398
-8398
-8397
-8397
-8397
-8397
-8397
-8397
-8397
-8397
-8397
-8397
-8396
-8396
-8396
-8396
-8396
-8396
-8396
-8396
-8396
-8396
-8395
-8395
-8395
-8395
-8395
-8395
-8395
-8395
-8395
-8395
-8394
-8394
-8394
-8394
-8394
-8394
-8394
-8394
-8394
-8394
-8388
-8388
-8388
-8388
-8388
-8388
-8388
-8388
-8388
-8388
-8386
-8386
-8386
-8386
-8386
-8386
-8386
-8386
-8386
-8386
-8384
-8384
-8384
-8384
-8384
-8384
-8384
-8384
-8384
-8384
-8378
-8378
-8378
-8378
-8378
-8378
-8378
-8378
-8378
-8378
-8374
-8374
-8374
-8374
-8374
-8374
-8374
-8374
-8374
-8374
-8373
-8373
-8373
-8373
-8373
-8373
-8373
-8373
-8373
-8373
-8371
-8371
-8371
-8371
-8371
-8371
-8371
-8371
-8371
-8371
-8370
-8370
-8370
-8370
-8370
-8370
-8370
-8370
-8370
-8370
-8369
-8369
-8369
-8369
-8369
-8369
-8369
-8369
-8369
-8369
-8366
-8366
-8366
-8366
-8366
-8366
-8366
-8366
-8366
-8366
-8365
-8365
-8365
-8365
-8365
-8365
-8365
-8365
-8365
-8365
-8364
-8364
-8364
-8364
-8364
-8364
-8364
-8364
-8364
-8364
-8362
-8362
-8362
-8362
-8362
-8362
-8362
-8362
-8362
-8362
-8359
-8359
-8359
-8359
-8359
-8359
-8359
-8359
-8359
-8359
-8357
-8357
-8357
-8357
-8357
-8357
-8357
-8357
-8357
-8357
-8354
-8354
-8354
-8354
-8354
-8354
-8354
-8354
-8354
-8354
-8353
-8353
-8353
-8353
-8353
-8353
-8353
-8353
-8353
-8353
-8346
-8346
-8346
-8346
-8346
-8346
-8346
-8346
-8346
-8346
-8344
-8344
-8344
-8344
-8344
-8344
-8344
-8344
-8344
-8344
-8343
-8343
-8343
-8343
-8343
-8343
-8343
-8343
-8343
-8343
-8342
-8342
-8342
-8342
-8342
-8342
-8342
-8342
-8342
-8342
-8340
-8340
-8340
-8340
-8340
-8340
-8340
-8340
-8340
-8340
-8339
-8339
-8339
-8339
-8339
-8339
-8339
-8339
-8339
-8339
-8338
-8338
-8338
-8338
-8338
-8338
-8338
-8338
-8338
-8338
-8337
-8337
-8337
-8337
-8337
-8337
-8337
-8337
-8337
-8337
-8336
-8336
-8336
-8336
-8336
-8336
-8336
-8336
-8336
-8336
-8334
-8334
-8334
-8334
-8334
-8334
-8334
-8334
-8334
-8334
-8332
-8332
-8332
-8332
-8332
-8332
-8332
-8332
-8332
-8332
-8331
-8331
-8331
-8331
-8331
-8331
-8331
-8331
-8331
-8331
-8330
-8330
-8330
-8330
-8330
-8330
-8330
-8330
-8330
-8330
-8327
-8327
-8327
-8327
-8327
-8327
-8327
-8327
-8327
-8327
-8326
-8326
-8326
-8326
-8326
-8326
-8326
-8326
-8326
-8326
-8324
-8324
-8324
-8324
-8324
-8324
-8324
-8324
-8324
-8324
-8323
-8323
-8323
-8323
-8323
-8323
-8323
-8323
-8323
-8323
-8322
-8322
-8322
-8322
-8322
-8322
-8322
-8322
-8322
-8322
-8318
-8318
-8318
-8318
-8318
-8318
-8318
-8318
-8318
-8318
-8317
-8317
-8317
-8317
-8317
-8317
-8317
-8317
-8317
-8317
-8316
-8316
-8316
-8316
-8316
-8316
-8316
-8316
-8316
-8316
-8313
-8313
-8313
-8313
-8313
-8313
-8313
-8313
-8313
-8313
-8311
-8311
-8311
-8311
-8311
-8311
-8311
-8311
-8311
-8311
-8310
-8310
-8310
-8310
-8310
-8310
-8310
-8310
-8310
-8310
-8308
-8308
-8308
-8308
-8308
-8308
-8308
-8308
-8308
-8308
-8307
-8307
-8307
-8307
-8307
-8307
-8307
-8307
-8307
-8307
-8303
-8303
-8303
-8303
-8303
-8303
-8303
-8303
-8303
-8303
-8302
-8302
-8302
-8302
-8302
-8302
-8302
-8302
-8302
-8302
-8301
-8301
-8301
-8301
-8301
-8301
-8301
-8301
-8301
-8301
-8300
-8300
-8300
-8300
-8300
-8300
-8300
-8300
-8300
-8300
-8297
-8297
-8297
-8297
-8297
-8297
-8297
-8297
-8297
-8297
-8293
-8293
-8293
-8293
-8293
-8293
-8293
-8293
-8293
-8293
-8291
-8291
-8291
-8291
-8291
-8291
-8291
-8291
-8291
-8291
-8290
-8290
-8290
-8290
-8290
-8290
-8290
-8290
-8290
-8290
-8286
-8286
-8286
-8286
-8286
-8286
-8286
-8286
-8286
-8286
-8283
-8283
-8283
-8283
-8283
-8283
-8283
-8283
-8283
-8283
-8282
-8282
-8282
-8282
-8282
-8282
-8282
-8282
-8282
-8282
-8280
-8280
-8280
-8280
-8280
-8280
-8280
-8280
-8280
-8280
-8278
-8278
-8278
-8278
-8278
-8278
-8278
-8278
-8278
-8278
-8277
-8277
-8277
-8277
-8277
-8277
-8277
-8277
-8277
-8277
-8276
-8276
-8276
-8276
-8276
-8276
-8276
-8276
-8276
-8276
-8275
-8275
-8275
-8275
-8275
-8275
-8275
-8275
-8275
-8275
-8273
-8273
-8273
-8273
-8273
-8273
-8273
-8273
-8273
-8273
-8272
-8272
-8272
-8272
-8272
-8272
-8272
-8272
-8272
-8272
-8270
-8270
-8270
-8270
-8270
-8270
-8270
-8270
-8270
-8270
-8268
-8268
-8268
-8268
-8268
-8268
-8268
-8268
-8268
-8268
-8267
-8267
-8267
-8267
-8267
-8267
-8267
-8267
-8267
-8267
-8265
-8265
-8265
-8265
-8265
-8265
-8265
-8265
-8265
-8265
-8264
-8264
-8264
-8264
-8264
-8264
-8264
-8264
-8264
-8264
-8263
-8263
-8263
-8263
-8263
-8263
-8263
-8263
-8263
-8263
-8262
-8262
-8262
-8262
-8262
-8262
-8262
-8262
-8262
-8262
-8260
-8260
-8260
-8260
-8260
-8260
-8260
-8260
-8260
-8260
-8255
-8255
-8255
-8255
-8255
-8255
-8255
-8255
-8255
-8255
-8254
-8254
-8254
-8254
-8254
-8254
-8254
-8254
-8254
-8254
-8251
-8251
-8251
-8251
-8251
-8251
-8251
-8251
-8251
-8251
-8249
-8249
-8249
-8249
-8249
-8249
-8249
-8249
-8249
-8249
-8246
-8246
-8246
-8246
-8246
-8246
-8246
-8246
-8246
-8246
-8244
-8244
-8244
-8244
-8244
-8244
-8244
-8244
-8244
-8244
-8240
-8240
-8240
-8240
-8240
-8240
-8240
-8240
-8240
-8240
-8239
-8239
-8239
-8239
-8239
-8239
-8239
-8239
-8239
-8239
-8236
-8236
-8236
-8236
-8236
-8236
-8236
-8236
-8236
-8236
-8234
-8234
-8234
-8234
-8234
-8234
-8234
-8234
-8234
-8234
-8232
-8232
-8232
-8232
-8232
-8232
-8232
-8232
-8232
-8232
-8226
-8226
-8226
-8226
-8226
-8226
-8226
-8226
-8226
-8226
-8225
-8225
-8225
-8225
-8225
-8225
-8225
-8225
-8225
-8225
-8222
-8222
-8222
-8222
-8222
-8222
-8222
-8222
-8222
-8222
-8219
-8219
-8219
-8219
-8219
-8219
-8219
-8219
-8219
-8219
-8218
-8218
-8218
-8218
-8218
-8218
-8218
-8218
-8218
-8218
-8211
-8211
-8211
-8211
-8211
-8211
-8211
-8211
-8211
-8211
-8207
-8207
-8207
-8207
-8207
-8207
-8207
-8207
-8207
-8207
-8206
-8206
-8206
-8206
-8206
-8206
-8206
-8206
-8206
-8206
-8202
-8202
-8202
-8202
-8202
-8202
-8202
-8202
-8202
-8202
-8200
-8200
-8200
-8200
-8200
-8200
-8200
-8200
-8200
-8200
-8198
-8198
-8198
-8198
-8198
-8198
-8198
-8198
-8198
-8198
-8196
-8196
-8196
-8196
-8196
-8196
-8196
-8196
-8196
-8196
-8192
-8192
-8192
-8192
-8192
-8192
-8192
-8192
-8192
-8192
-8189
-8189
-8189
-8189
-8189
-8189
-8189
-8189
-8189
-8189
-8187
-8187
-8187
-8187
-8187
-8187
-8187
-8187
-8187
-8187
-8185
-8185
-8185
-8185
-8185
-8185
-8185
-8185
-8185
-8185
-8184
-8184
-8184
-8184
-8184
-8184
-8184
-8184
-8184
-8184
-8183
-8183
-8183
-8183
-8183
-8183
-8183
-8183
-8183
-8183
-8182
-8182
-8182
-8182
-8182
-8182
-8182
-8182
-8182
-8182
-8181
-8181
-8181
-8181
-8181
-8181
-8181
-8181
-8181
-8181
-8179
-8179
-8179
-8179
-8179
-8179
-8179
-8179
-8179
-8179
-8178
-8178
-8178
-8178
-8178
-8178
-8178
-8178
-8178
-8178
-8173
-8173
-8173
-8173
-8173
-8173
-8173
-8173
-8173
-8173
-8172
-8172
-8172
-8172
-8172
-8172
-8172
-8172
-8172
-8172
-8170
-8170
-8170
-8170
-8170
-8170
-8170
-8170
-8170
-8170
-8169
-8169
-8169
-8169
-8169
-8169
-8169
-8169
-8169
-8169
-8168
-8168
-8168
-8168
-8168
-8168
-8168
-8168
-8168
-8168
-8164
-8164
-8164
-8164
-8164
-8164
-8164
-8164
-8164
-8164
-8161
-8161
-8161
-8161
-8161
-8161
-8161
-8161
-8161
-8161
-8160
-8160
-8160
-8160
-8160
-8160
-8160
-8160
-8160
-8160
-8159
-8159
-8159
-8159
-8159
-8159
-8159
-8159
-8159
-8159
-8157
-8157
-8157
-8157
-8157
-8157
-8157
-8157
-8157
-8157
-8151
-8151
-8151
-8151
-8151
-8151
-8151
-8151
-8151
-8151
-8150
-8150
-8150
-8150
-8150
-8150
-8150
-8150
-8150
-8150
-8146
-8146
-8146
-8146
-8146
-8146
-8146
-8146
-8146
-8146
-8145
-8145
-8145
-8145
-8145
-8145
-8145
-8145
-8145
-8145
-8140
-8140
-8140
-8140
-8140
-8140
-8140
-8140
-8140
-8140
-8136
-8136
-8136
-8136
-8136
-8136
-8136
-8136
-8136
-8136
-8135
-8135
-8135
-8135
-8135
-8135
-8135
-8135
-8135
-8135
-8133
-8133
-8133
-8133
-8133
-8133
-8133
-8133
-8133
-8133
-8130
-8130
-8130
-8130
-8130
-8130
-8130
-8130
-8130
-8130
-8129
-8129
-8129
-8129
-8129
-8129
-8129
-8129
-8129
-8129
-8126
-8126
-8126
-8126
-8126
-8126
-8126
-8126
-8126
-8126
-8123
-8123
-8123
-8123
-8123
-8123
-8123
-8123
-8123
-8123
-8122
-8122
-8122
-8122
-8122
-8122
-8122
-8122
-8122
-8122
-8120
-8120
-8120
-8120
-8120
-8120
-8120
-8120
-8120
-8120
-8119
-8119
-8119
-8119
-8119
-8119
-8119
-8119
-8119
-8119
-8114
-8114
-8114
-8114
-8114
-8114
-8114
-8114
-8114
-8114
-8113
-8113
-8113
-8113
-8113
-8113
-8113
-8113
-8113
-8113
-8108
-8108
-8108
-8108
-8108
-8108
-8108
-8108
-8108
-8108
-8107
-8107
-8107
-8107
-8107
-8107
-8107
-8107
-8107
-8107
-8106
-8106
-8106
-8106
-8106
-8106
-8106
-8106
-8106
-8106
-8105
-8105
-8105
-8105
-8105
-8105
-8105
-8105
-8105
-8105
-8104
-8104
-8104
-8104
-8104
-8104
-8104
-8104
-8104
-8104
-8102
-8102
-8102
-8102
-8102
-8102
-8102
-8102
-8102
-8102
-8101
-8101
-8101
-8101
-8101
-8101
-8101
-8101
-8101
-8101
-8097
-8097
-8097
-8097
-8097
-8097
-8097
-8097
-8097
-8097
-8096
-8096
-8096
-8096
-8096
-8096
-8096
-8096
-8096
-8096
-8095
-8095
-8095
-8095
-8095
-8095
-8095
-8095
-8095
-8095
-8093
-8093
-8093
-8093
-8093
-8093
-8093
-8093
-8093
-8093
-8091
-8091
-8091
-8091
-8091
-8091
-8091
-8091
-8091
-8091
-8087
-8087
-8087
-8087
-8087
-8087
-8087
-8087
-8087
-8087
-8085
-8085
-8085
-8085
-8085
-8085
-8085
-8085
-8085
-8085
-8084
-8084
-8084
-8084
-8084
-8084
-8084
-8084
-8084
-8084
-8083
-8083
-8083
-8083
-8083
-8083
-8083
-8083
-8083
-8083
-8082
-8082
-8082
-8082
-8082
-8082
-8082
-8082
-8082
-8082
-8080
-8080
-8080
-8080
-8080
-8080
-8080
-8080
-8080
-8080
-8078
-8078
-8078
-8078
-8078
-8078
-8078
-8078
-8078
-8078
-8077
-8077
-8077
-8077
-8077
-8077
-8077
-8077
-8077
-8077
-8076
-8076
-8076
-8076
-8076
-8076
-8076
-8076
-8076
-8076
-8073
-8073
-8073
-8073
-8073
-8073
-8073
-8073
-8073
-8073
-8067
-8067
-8067
-8067
-8067
-8067
-8067
-8067
-8067
-8067
-8065
-8065
-8065
-8065
-8065
-8065
-8065
-8065
-8065
-8065
-8063
-8063
-8063
-8063
-8063
-8063
-8063
-8063
-8063
-8063
-8060
-8060
-8060
-8060
-8060
-8060
-8060
-8060
-8060
-8060
-8056
-8056
-8056
-8056
-8056
-8056
-8056
-8056
-8056
-8056
-8055
-8055
-8055
-8055
-8055
-8055
-8055
-8055
-8055
-8055
-8053
-8053
-8053
-8053
-8053
-8053
-8053
-8053
-8053
-8053
-8052
-8052
-8052
-8052
-8052
-8052
-8052
-8052
-8052
-8052
-8050
-8050
-8050
-8050
-8050
-8050
-8050
-8050
-8050
-8050
-8046
-8046
-8046
-8046
-8046
-8046
-8046
-8046
-8046
-8046
-8045
-8045
-8045
-8045
-8045
-8045
-8045
-8045
-8045
-8045
-8043
-8043
-8043
-8043
-8043
-8043
-8043
-8043
-8043
-8043
-8042
-8042
-8042
-8042
-8042
-8042
-8042
-8042
-8042
-8042
-8040
-8040
-8040
-8040
-8040
-8040
-8040
-8040
-8040
-8040
-8038
-8038
-8038
-8038
-8038
-8038
-8038
-8038
-8038
-8038
-8036
-8036
-8036
-8036
-8036
-8036
-8036
-8036
-8036
-8036
-8035
-8035
-8035
-8035
-8035
-8035
-8035
-8035
-8035
-8035
-8034
-8034
-8034
-8034
-8034
-8034
-8034
-8034
-8034
-8034
-8033
-8033
-8033
-8033
-8033
-8033
-8033
-8033
-8033
-8033
-8032
-8032
-8032
-8032
-8032
-8032
-8032
-8032
-8032
-8032
-8031
-8031
-8031
-8031
-8031
-8031
-8031
-8031
-8031
-8031
-8029
-8029
-8029
-8029
-8029
-8029
-8029
-8029
-8029
-8029
-8025
-8025
-8025
-8025
-8025
-8025
-8025
-8025
-8025
-8025
-8024
-8024
-8024
-8024
-8024
-8024
-8024
-8024
-8024
-8024
-8023
-8023
-8023
-8023
-8023
-8023
-8023
-8023
-8023
-8023
-8021
-8021
-8021
-8021
-8021
-8021
-8021
-8021
-8021
-8021
-8017
-8017
-8017
-8017
-8017
-8017
-8017
-8017
-8017
-8017
-8015
-8015
-8015
-8015
-8015
-8015
-8015
-8015
-8015
-8015
-8014
-8014
-8014
-8014
-8014
-8014
-8014
-8014
-8014
-8014
 despues: 2020-05-07 3:56:10
